4154,44816798,57
5091,40778647,71
2145,25838654,95
2403,42853737,44
9819,71741221,74
5087,48634166,18
2174,13327997,14
5681,62877586,45
9040,99181733,4
1655,31800957,21
3968,24884595,91
9100,67234589,84
6720,50791171,48
5632,43741145,60
7867,49339195,55
4480,78024454,25
1822,62277390,88
1351,42622892,40
6051,90766491,56
8604,47457113,17
7089,30155711,87
4284,40869331,24
6697,98261284,69
2937,33105513,71
4083,86512365,4
4862,68674366,31
5942,20159555,78
8648,80839155,40
2265,83887285,16
3148,70418208,90
5002,71269819,59
8445,13364178,65
9939,34018092,48
9784,34569499,29
1238,53862543,45
7256,67245181,88
7932,49299239,86
6608,80933871,38
9637,80920104,58
5022,97908887,63
6179,80779650,34
8695,67732025,39
5077,95947188,45
9509,29327832,40
1035,57502813,90
2942,84924750,29
2835,27343120,84
4735,74753893,88
8967,65640452,29
7622,96071998,94
3375,22421269,29
2656,88086681,39
5972,16548726,51
5066,92947198,24
2751,88089391,11
7873,29315087,78
9282,50276670,36
3206,29502699,99
5054,55831843,77
8054,31149364,49
3912,54130900,46
8469,11582327,9
8027,40491813,32
2379,35511920,38
8326,26015176,35
7008,46408863,62
1068,55258429,9
1505,25110306,2
3688,91221450,29
3031,58040505,59
1180,47846893,88
5434,13332359,96
1924,76559006,31
3974,79696396,7
1564,93403898,61
4892,78277548,71
8205,61531862,93
8591,29684986,55
6997,13472696,88
7282,44178510,87
2454,71784681,78
6714,91657141,94
4525,33064939,1
3024,77325647,33
8907,33736063,4
9678,28770637,87
1299,36212676,3
5177,79390295,48
4132,59836735,17
2416,19848437,17
5302,47019254,32
2927,34943294,74
9329,90458709,9
1182,90719853,33
4463,30817595,38
5438,70207799,76
1785,86901175,11
6938,13947185,83
6169,79903356,9
2217,54308877,92
5136,65865913,41
6324,17166574,72
2047,10305867,2
2140,15404669,87
3081,54237526,57
6110,81120460,86
8285,64574293,39
7099,17777657,40
7507,75305817,51
3957,45203624,51
7480,29761633,41
4994,94366031,47
1348,90527110,2
9953,44845604,70
3997,84756453,18
3545,40423023,93
1466,14013699,29
1826,42286524,85
1937,34336220,77
4525,65181655,62
2001,52445486,33
1807,69016024,17
8909,85785023,99
5992,82545730,24
3050,63950199,41
7127,93755884,93
5436,35456639,85
4366,32818333,28
4900,42775255,62
6522,70761203,96
7931,24239940,23
1356,11431388,36
5959,54009862,29
9750,71774654,16
3679,98466254,32
7797,57612534,13
7142,10387762,48
6820,93129314,50
6440,20240312,97
7387,54173193,15
2039,79697913,73
8391,91339017,76
8853,24384504,92
2393,95847491,78
5336,12796340,22
8188,20893426,31
4187,49610563,93
4915,43149108,38
2047,78152510,35
4257,71011880,85
4588,16484024,44
1967,98828053,11
8248,98452924,1
7283,59316980,20
3427,30910652,58
2064,88694565,32
9137,20315636,59
4504,45594526,68
5512,84389022,96
6305,73987599,50
8522,69716034,66
5130,48312861,2
2144,53147095,4
1399,93014739,81
5223,93552665,99
6900,54151268,92
8233,22998819,9
8389,90910588,21
7535,38554795,76
4892,56063305,6
2254,75532210,82
8188,30541259,99
6082,29806781,32
4465,54917910,38
6066,68923986,12
9507,82182127,45
4031,20195470,49
5385,40751663,51
8908,47813072,58
4869,82670494,96
8570,14064373,67
9701,16895708,30
5383,94755148,55
4274,36676662,71
3921,40943575,79
7394,99071937,82
4835,52749242,15
2139,27246354,79
7457,58292203,59
5098,63752541,9
8037,38887009,34
9704,89381976,76
6318,56235306,44
2449,42576976,19
3680,49942817,43
1976,41563725,22
3721,50749976,79
8613,71079170,87
5184,89858464,99
2316,58346118,45
8887,39385540,31
8444,79573477,4
5998,16069873,94
4341,37619824,41
9303,53561656,53
5622,39555399,76
6671,16966192,49
4246,76261797,28
4848,71612981,44
7513,14334832,23
5661,80412537,34
9838,38826660,36
2666,73048436,25
2993,78304135,88
3244,95840333,43
9685,68932125,91
9500,37609141,81
8292,71951984,79
2162,41937009,26
6094,83387199,2
8383,69394067,76
4875,45620350,49
4105,97151339,26
2802,55497002,54
5540,32443636,9
3956,13670609,99
7928,36448027,42
8590,90937174,76
3991,87049774,22
9472,67668393,69
8350,64262607,56
2584,49678097,98
2141,86302294,19
4391,38581791,83
2837,64612911,34
1905,62566726,77
9281,96497019,55
2462,46948962,37
7654,31832813,55
2751,71306213,22
2837,85524446,87
1463,28862522,99
5473,73761580,32
2941,63256877,28
7063,71450272,93
6476,72245432,60
2526,57636533,54
2104,16488190,11
1460,69930170,24
7218,72049450,21
2402,87630646,85
5599,59224155,62
2155,26957020,64
2050,65232302,33
3496,64930695,95
3926,40577346,33
3257,56977602,87
4909,45822192,94
1089,73015248,64
1523,74306082,74
5038,65307201,65
1592,27732846,82
7834,21832129,25
6244,12486046,52
6979,68427429,20
5109,89447172,63
2994,40546796,80
9664,24848192,54
7453,59430460,67
3331,88803785,79
1623,78520030,2
2568,34978805,40
2760,40315450,58
4399,10988739,30
9074,83772032,26
5351,19743649,70
4671,63923262,52
1945,70701158,81
1069,68059570,40
6084,44281202,88
5131,84062410,31
3495,30077734,84
8829,66930087,29
6951,73307735,41
8646,13741637,97
3115,17413778,73
6054,69112859,39
2396,46750583,83
9539,58763615,27
9082,75719587,99
7264,21307991,85
6005,54087838,42
1731,11527877,35
5575,58510088,78
7533,50530049,68
1831,88991983,82
4961,36660338,16
4388,10817503,6
2114,42415118,90
5842,20689979,83
5730,92786319,63
5358,37409845,91
1086,75582164,32
8189,34400035,94
4426,85354386,63
9163,56640948,54
4314,50705570,19
6124,29913034,56
5371,31514961,3
8802,98003145,15
2003,55585122,7
6862,15213470,17
3945,61986355,73
9030,50875300,78
6928,57371706,40
4455,45538770,82
4634,11144525,76
6482,22448350,2
3982,41026169,83
2569,14080440,37
2580,63834003,47
8261,58141684,84
3039,87299952,52
5626,32742821,91
4160,17339346,50
7161,22477030,91
2955,73459968,93
2240,16432311,72
9733,64344613,2
9383,51003742,96
5049,42712594,2
7736,28716903,57
8118,86509680,9
9745,49774645,33
7756,97839342,84
3536,39515458,26
7506,74134690,85
3926,27268552,30
5717,25540932,30
8208,74980276,70
5035,61585109,49
9320,87588307,40
4138,14543887,72
1203,24254079,13
7379,41097975,56
3996,27699138,21
1053,76599712,6
8942,79112325,96
3772,27543188,57
2041,80479205,68
5810,20886659,74
5031,40758386,29
3047,12499106,38
9155,77892269,32
5773,75465462,75
2368,78093386,99
4212,83530490,73
9469,87006802,15
4888,58039065,26
8982,99169611,77
5688,97320380,78
4297,31791714,43
6354,58872575,88
5598,44956801,3
8068,57482701,82
5466,22499398,71
1553,89216472,94
9075,17040239,85
8197,22893803,6
9051,56519727,92
2686,41644772,47
3713,53849428,52
9158,77898439,21
1090,51919175,26
4308,12436393,96
3759,73410279,58
2650,25625712,40
1262,45744524,25
4867,41590248,80
4852,43803565,3
2133,84435639,30
1264,58129206,26
4028,20697390,45
7656,81543811,63
4164,16661831,84
4002,91471469,63
3846,54029001,63
6728,96262579,70
2464,12099454,1
6833,71206209,47
2697,99377971,87
1847,32027177,53
9064,64875509,78
1927,42648265,99
8357,21011078,22
8844,90624968,2
9579,92261484,21
5037,92333721,28
4020,95876370,73
5449,61489331,84
4804,23087411,52
5621,51004798,66
8312,80814821,8
2831,25699812,94
4760,72441483,27
3966,85057020,84
7220,39043237,33
5031,51192084,60
5348,34923357,73
9207,90703409,53
9787,71881080,95
8706,47351821,57
3237,23578322,69
8731,65599836,4
4011,48397656,13
9886,23233410,61
4037,74275892,48
9358,24997152,63
4320,88676214,11
7519,29542702,89
4572,57685455,33
9009,87665290,34
5399,38338004,34
4147,40000035,49
1542,79332296,33
3431,74962221,26
4701,65673090,49
8984,92300562,81
8361,29505556,27
7649,94912762,30
1915,77020392,47
9588,29618001,59
7782,79615788,6
2389,94000517,15
7140,50401381,18
7839,25985800,29
4011,48339962,33
3138,70222229,22
4841,40159320,86
3997,25991091,35
3184,53759276,3
6409,31390780,20
1027,57985775,43
5750,77654145,87
7748,87063503,32
1050,68460548,37
3486,98242913,92
9676,95445932,42
6913,38002913,13
2316,69228814,13
7599,94241665,17
1565,76321467,92
6015,19266346,94
8407,29851223,83
8124,88003653,6
3419,68146584,76
2624,71447892,19
3677,28933749,14
1524,85261912,31
6054,72676181,28
1853,39156370,52
4287,54398540,80
8709,72194053,22
2744,30151718,79
4257,26675418,56
4901,42582704,51
2660,39048319,65
7677,89310439,14
7036,15623221,64
2873,10529583,19
6555,43429272,84
9626,33510205,48
7384,28014177,63
8402,14090533,81
4334,92997120,93
6570,96785179,50
6869,59323600,72
9290,34891737,65
8449,63637551,91
7337,10646484,98
6856,16186268,18
4731,37889985,26
3416,83929162,26
2352,15936225,77
1658,60648957,84
9216,26461526,38
1966,20292139,36
7198,94584327,54
2369,29871400,11
9494,27862926,58
6146,22623058,37
7706,60637216,37
3670,48152579,75
9270,19479111,8
4728,95279934,59
1777,93431342,59
2168,61972107,27
4983,81686184,74
3836,72834483,25
7691,45811831,94
3495,76939760,68
6991,79835127,28
1060,17379783,58
5436,18625925,46
5429,82034290,6
1098,61894035,85
2860,23360981,24
9122,42591230,92
8115,78894078,53
8320,30413490,16
9308,52238797,31
9264,64626373,27
4450,24898626,86
5484,28799110,53
1551,91141524,92
4024,33299634,12
5131,57156823,67
4954,98091226,33
1478,30328524,83
7798,53275990,63
8286,94684746,93
3991,41947494,44
8185,10170428,35
5852,44984834,30
4680,89227464,84
8538,60652608,27
6827,97125987,62
3678,52381846,40
9445,23068755,98
1347,29109909,46
7300,80651807,72
6193,78924076,67
5371,73637511,32
6879,51086385,27
6667,39900512,3
5272,78836404,49
4916,44760297,82
9237,38370572,83
6514,78886343,32
9418,50200625,51
9980,21789783,93
7376,43666303,95
9545,33562873,29
1759,85778777,11
4747,93137999,89
1600,92536606,2
6109,74184149,22
2694,37087588,4
3189,74399031,76
4905,33672544,51
6543,19548708,71
8650,31113391,57
2726,56383808,84
4736,38736499,38
4947,14831000,93
9944,20039075,55
5523,67714361,17
7242,49432450,56
6278,94348784,72
4480,28565744,11
1293,43857963,41
6001,80212271,66
2696,82723502,20
2046,68682711,60
5322,91617482,44
7628,75848947,57
3977,82013709,62
6521,54207789,89
6031,99426614,70
5769,25323620,86
7861,40874936,62
5328,40619296,12
6001,83733798,16
2787,60986993,62
8117,95940085,12
8131,45191064,56
4342,54009342,86
8056,70312548,54
5444,33179337,48
3499,99311045,60
6258,56771210,3
8897,12009897,4
7311,67052620,55
8461,41514983,94
4234,59385238,65
5536,33399631,53
2690,14374004,21
2390,87604965,93
2368,61185556,99
6080,93461818,62
6559,99221764,58
8816,72186650,54
5658,71129685,34
2401,74507917,75
8200,12753262,76
9619,27468101,20
3412,76399536,49
4732,62723433,51
3459,61322119,2
3340,94566881,90
8440,50582433,55
3040,75233681,97
7184,56976183,65
3531,63724699,34
4737,39348459,87
9840,32502351,95
6121,27143719,91
8383,86644890,71
7497,53565085,44
3328,94042621,26
2836,49925022,28
1999,21578726,56
3939,14685766,47
2541,65757621,61
3668,29425953,60
2330,94873181,40
1008,37319163,27
3988,24406622,93
3515,36199641,41
8789,16712122,40
4331,96202222,79
7563,17158344,2
1917,93210531,88
1090,61767417,92
1434,62499933,53
8824,64051459,15
2031,89486526,81
6511,42893435,70
3659,91023904,77
8352,84831709,70
5055,86754626,6
5800,37457871,7
9923,36340441,33
7562,56397446,18
5023,88550990,15
3697,83335808,30
8361,15436753,41
6295,37188962,32
8039,41558643,28
1023,81973081,34
5921,38357717,26
2048,29408882,99
5416,56577303,46
1803,95859972,31
5329,63488454,91
2786,65592483,12
6222,39127009,5
4667,61283154,84
2958,38457396,75
2735,74844380,27
6719,25380781,49
3674,30971073,62
1226,51736694,91
5596,40779414,11
8842,22999929,65
6819,82155585,98
2466,23079592,84
9656,16822801,86
7399,41812995,48
6932,63597057,5
3980,91543176,49
3426,26746715,4
7466,67379636,3
5787,42366727,6
7897,17714976,1
5284,53864958,41
6483,84621754,13
7472,64240033,55
3395,61189988,86
3518,95562206,79
4984,10252175,28
1819,70925775,25
7728,83812281,29
8027,93782949,68
6829,43777808,9
4019,58852223,53
3794,69147881,83
7328,29374562,78
8033,20044274,15
9592,18601250,59
5606,62718830,30
8774,90154009,68
2758,43037732,22
4503,28256883,78
3322,83784476,31
1195,76857113,37
3515,31185214,14
2959,85807243,12
6740,65334908,95
1316,53763699,99
7095,68922180,42
5611,17351366,14
1805,94890045,12
6709,14040585,23
8189,21615938,91
4080,78124897,67
4189,38532266,77
9293,91990523,44
3460,48258403,78
1271,71360409,75
8734,34538102,66
9645,98269296,63
1049,27326748,17
5486,36258221,85
9153,82420050,15
9328,21485966,82
7456,77183235,51
7627,25622526,65
7860,47471717,84
2108,31713913,80
3807,45189703,14
1373,16500088,46
1766,76047708,54
7634,50198730,73
6005,41311787,65
6245,10744906,82
6330,58809880,48
5269,56419552,34
2278,69416355,31
4106,89223901,42
3403,46023708,80
4294,55578392,85
8315,19738089,6
8098,33352074,64
6711,65026874,11
3320,61543898,14
4082,55949376,75
6611,39714652,16
5080,71584793,22
2253,60227204,18
6571,43411209,9
2026,81783377,96
3842,74148894,54
5932,53616523,39
7782,63959494,17
4571,61288098,34
1858,11831322,76
7732,49514542,36
9963,81660044,84
3485,51918084,83
5780,87802462,20
7235,40777096,96
8241,73487483,53
1096,17690436,18
8332,73095147,15
5761,36772559,67
8067,75174252,95
1060,20452922,15
9110,55450338,51
8463,25261807,52
8599,91068685,5
2790,33192411,26
8693,62183147,94
2762,80956530,24
8356,74974660,59
5576,69545688,81
9558,97890248,95
6475,72647631,37
6720,99809971,71
7467,53002665,87
3008,18129271,75
3026,17014339,3
2012,62376456,13
3382,89874425,82
9282,49265109,8
2472,24863426,51
5496,43040471,91
8878,13264856,84
8085,72298881,70
6134,51891496,37
6078,26870490,84
5571,30192545,51
3941,36233984,64
4424,98050136,38
6503,42227032,81
1305,41946424,36
7017,96579422,43
6771,67865325,23
9447,39832632,46
7787,80374580,74
8061,42330356,80
9882,84948352,15
4276,29624167,33
5592,67843493,95
1412,67417033,52
6994,17103219,1
8982,60739145,68
2999,41575302,10
1461,28826389,75
7370,52726017,28
6944,21452555,80
6093,94103087,52
3045,11586797,90
2757,65278448,83
2189,19896281,45
4953,60394768,61
5103,34106619,15
7897,94806487,35
5076,60967243,17
9349,36472758,59
3086,19585214,6
3692,74006922,39
1993,98112846,64
4831,77208073,36
6233,66309685,65
9756,79006753,64
2323,36347679,6
7208,11398546,21
3288,77480633,67
5665,54099901,83
8719,74019082,7
5310,44466781,13
6861,47632932,49
9101,49368405,52
6450,93261169,28
6922,38823846,51
1473,20478850,52
1572,62341538,52
8419,81540212,64
9229,15073020,54
3474,90692650,44
6728,67893995,25
8576,65245380,46
9080,60861155,51
2446,57952584,3
1342,30957290,13
1061,34298381,32
7576,96593610,30
7935,67851435,26
6410,79382133,52
4304,46329928,39
9428,15544967,57
9187,17489457,4
6428,73622885,11
8940,52621626,87
2169,85196884,1
3736,24411194,10
6839,65797156,61
1687,19422919,59
5834,84746711,64
4329,27634286,82
8098,94619115,71
4357,63262644,17
8396,74696194,57
1238,16857601,6
5952,73401996,25
1443,80456986,32
8110,33465455,41
5271,11149588,58
8858,40703854,21
8974,14832005,35
2454,92631013,66
4191,66329779,51
6907,80599672,25
5580,25021013,76
7727,73802049,49
1867,33237451,32
8949,38137713,25
1924,85149275,4
6427,10473467,37
2721,54266353,16
9122,31238322,88
1551,97125413,42
1642,45010960,48
9814,56878441,50
4125,99347987,98
7057,90326676,34
8749,35716705,80
2266,27335969,45
6031,80706681,79
4745,79403329,47
7945,24166376,16
4239,94958546,34
7455,70837376,86
8707,64532457,60
1413,57328543,83
6170,67525889,54
5600,29745225,61
3525,80676127,40
1693,40730948,4
8367,53019004,89
6352,68114564,35
5449,95441094,54
2893,96971594,52
6948,41957959,89
4856,82331466,82
1452,76382074,83
8442,62072923,73
3069,54610647,40
5111,62390898,61
2006,87182520,73
5306,84735371,77
9866,15777518,23
7861,72073445,50
6895,94393997,34
1567,64988998,28
7342,11778081,48
7911,34493630,98
4743,36611816,72
8694,54846740,87
3756,57375645,36
6272,35873494,32
8871,39405447,97
3651,50468726,17
7558,35660551,11
8432,76152923,5
6702,78894535,5
2116,58868776,16
6527,22399775,25
6686,53351134,14
9389,67381113,2
8672,43578451,73
7590,40497995,51
7658,96029994,48
1048,78997044,94
1781,25248989,37
3038,47202962,28
2001,79168494,53
5557,46695820,78
1463,88888185,77
8930,30187034,45
6142,37335112,30
7779,57056161,71
2024,38029638,6
7669,36575880,21
6726,80730932,30
9694,31729020,73
1170,98829811,77
8401,71252263,40
3091,16583053,20
8548,96886603,23
3401,90867595,90
6394,19954036,25
9013,34083786,44
2275,57864842,88
1114,17454431,27
4063,76716317,97
4649,44606897,37
6385,35147329,31
3949,34478605,65
3897,67409020,61
8671,99081617,38
3376,70783419,81
3378,68814107,93
1278,36688822,66
3576,69460870,20
1606,32171049,50
7518,82169963,96
1289,92376273,69
5010,62478966,21
4024,33690062,15
1745,88224664,20
8353,99261929,1
4153,13525891,62
7047,31631989,22
1340,35613979,86
3738,95069979,22
2516,99918937,5
2060,44353492,35
5685,33919873,51
1681,22324929,89
4028,52345500,27
7425,90854160,94
1259,55514103,58
4480,84540795,81
7019,16587932,39
1341,86581374,33
3132,51826397,37
9037,56589514,78
9450,44478467,50
6126,53677705,58
6003,16070876,34
7009,39283728,67
3343,17348411,69
4025,48806435,31
3064,15254561,68
7018,58396108,92
1042,62670486,47
5046,50039088,44
3518,40956992,17
7075,99672559,6
9632,78029492,87
3371,20212841,54
7772,80041781,52
1909,76476344,78
9176,54881969,46
3939,20135107,17
9860,94043066,98
6545,87642422,43
2492,53153492,46
7688,88040140,59
2567,98940828,29
4939,60274257,42
2193,40046581,47
9640,61138278,72
4782,44979360,79
7836,44837896,22
9856,36165122,45
2361,69397878,16
9251,42731898,9
6351,12662342,93
7900,80880814,70
1193,30150883,49
6682,53120769,62
2030,98604416,83
4254,45929000,60
8679,10186153,30
5692,86385060,68
5139,11127882,35
1398,64045095,19
7295,73127008,46
5708,60514712,47
2556,66489946,13
7921,16480556,20
1031,86568558,83
3332,17701535,5
1522,50028399,12
3758,95634424,19
5524,68127585,82
1297,67136380,21
5605,25564420,57
9657,55022702,60
2610,75633783,81
4201,60511906,32
2470,57323449,52
4212,54549841,1
5698,69850036,84
9563,43645612,13
3067,34848131,10
7115,26615417,47
8309,80673998,63
7128,74216859,40
4941,54337826,44
5433,80989460,22
1406,49286599,16
6839,32158600,14
5702,36470821,8
8460,82555736,2
4629,51072375,76
5662,27797694,36
2706,98599880,66
3251,60562817,38
4615,39646716,65
5725,83059183,72
9381,59481350,62
4906,36780292,43
5880,97845725,1
7061,36827331,53
6086,36284377,78
1044,33240187,16
3262,92222144,56
4268,30397592,85
6954,37303307,21
3168,87966454,15
5534,69252757,71
7439,93289068,27
8089,45731276,89
4093,15840958,35
1710,46492877,79
3148,52291964,43
6045,40171700,41
9866,73625033,20
8947,14152602,21
2442,41009355,27
7884,36351270,14
1639,51414111,82
4400,29117170,41
1254,34416722,60
3626,49358163,70
1081,69769000,47
9124,62854245,91
4541,80455882,92
1526,68176906,55
5279,73958639,63
6350,49278362,51
2419,21669964,64
2333,34286003,20
9144,12819674,2
4869,10401378,7
6274,52718668,85
8815,88424057,96
1553,39582108,75
5565,96458572,12
7243,34220712,34
9702,33231228,40
4637,11284493,50
5501,15083103,24
8745,33614865,65
4066,49059382,12
2498,10531797,51
4937,35834676,41
9318,55318167,95
7988,28475323,65
1104,25981512,72
7058,15170704,20
8070,73287120,16
2263,90951685,11
4630,93969313,61
6293,41015820,85
7557,15814997,87
8741,88768007,55
2129,10062598,76
2764,67767810,41
2689,25119243,57
2703,92577298,28
4854,23454675,36
6456,87206105,76
3814,29052600,1
4354,87180948,57
2562,47811480,80
1865,89524136,67
4024,29151714,28
1588,23374786,9
5768,51918552,20
4041,48992213,98
3140,54582132,76
8469,91720040,99
1929,11082107,53
8307,24455658,43
9676,50327628,78
6773,84298103,70
8295,55225649,10
9894,35185189,89
2025,94129679,95
1193,42364405,8
7355,94078167,40
9925,28004994,68
1138,58383220,31
6213,74730779,25
2030,23181526,1
9024,23030067,3
6327,35946109,94
3245,10935464,35
3086,30557954,74
3068,46953952,73
1062,44976941,34
3432,78906879,61
7300,70269161,71
9697,91657584,18
5257,96729753,54
8580,69645016,57
8152,12307441,37
2295,55780633,29
7918,58430511,34
4614,88156489,18
8346,55327422,54
5924,68275948,3
4101,93885817,8
9439,86665663,28
6439,43513360,34
2965,99695729,4
3021,64335042,57
9604,39551271,82
3845,26609152,67
9157,53878002,72
6720,86257193,65
5926,65036540,71
6200,26365001,99
2013,81882075,29
5739,49050403,2
8197,57269016,58
7079,34739353,63
7806,12864354,98
5419,30786904,36
7931,19152656,76
3816,63873130,63
3228,43399049,64
9666,83209750,19
4715,18646887,69
7497,40675835,43
5098,33327935,4
3275,18710740,71
4781,28512289,76
1603,28837556,65
3189,52795033,9
7453,91094452,76
3380,32174822,94
3255,22099072,31
9626,56478912,76
3389,78391325,8
6238,11548472,79
4677,67058624,77
5030,45126779,71
7555,38830201,3
5634,41115608,5
7104,26170065,66
9530,24112449,58
2821,62272436,37
6025,18814354,83
7273,52982883,23
3732,92729561,62
3445,15443551,43
3688,78054513,65
6805,94484839,74
2839,66860667,32
6008,51259615,98
4286,80054733,73
5160,43313635,24
1588,66966293,7
9278,37984905,55
3408,90999083,57
9095,44038862,80
7007,59617890,4
5311,74822346,83
3591,85130294,80
9002,87910363,25
6459,27947510,50
7851,24037629,93
4977,72647123,64
8122,60070701,34
6617,39432408,33
9320,23422990,97
1193,51064730,49
6302,11335934,61
2387,31742438,32
9244,25390274,17
4437,36614916,72
4086,78279814,17
8291,47920883,23
2457,82215483,75
5648,69833022,88
3527,13845182,64
6702,13009429,62
4349,95089800,33
3998,20389448,35
9793,41180911,82
8287,74944176,10
8934,46332601,42
3121,88287471,26
8398,94991534,8
4089,94770822,66
1916,27865169,62
1988,92980739,15
3884,80498724,47
6648,41939036,37
3307,46583807,57
2948,34685606,86
8010,80300177,42
2158,88659853,83
1950,31758865,23
1435,54346966,15
9921,74155724,58
2894,83786684,71
7557,29592293,47
2156,37345527,14
1327,97902521,47
1890,47430598,84
8735,84876967,66
2532,55080620,63
3951,85389950,65
5489,46411116,24
8685,51409128,77
9114,21399748,46
1511,41289308,22
2235,16689749,83
8391,75727112,73
4199,96020459,60
1089,72035484,22
8803,79910510,18
5007,53255032,22
4554,80094978,33
2546,36152882,99
3427,92751781,39
3494,93178167,16
9043,41563275,69
9017,10412097,1
9058,71202663,6
2925,51583341,7
1717,15454742,99
8773,49632133,48
7764,61411198,77
2947,95412779,44
8255,77749072,73
3765,81015913,17
7700,95631118,6
8546,32591411,19
6881,36689341,17
4723,40484572,39
6782,13081536,30
2888,43990531,7
7110,78482656,46
2868,18920110,30
8090,23553038,14
9131,27253822,5
4986,21596704,15
3973,45926897,29
1443,58812994,27
5507,56355655,52
1686,34488036,28
3926,94169254,68
5710,40353066,16
2722,43068552,27
4816,25599194,48
7954,65028707,77
8450,57944468,55
9156,16194638,69
1341,44840950,56
1240,28357104,38
5555,51148782,73
4019,48880823,76
3794,53870974,84
9100,85228026,78
9382,18772653,88
4893,55228767,46
1922,33323293,80
6265,74490710,63
7194,23470097,92
4034,37833330,55
3070,96153099,23
8553,62048376,3
5874,94879508,56
4258,90098234,51
2282,17500797,63
6451,30025328,58
8572,40847626,22
3512,91606195,91
9176,55180440,7
4472,92401857,30
4394,57157122,40
9056,53127718,29
5692,92982416,18
7683,94502122,65
2370,74445298,83
6687,91432469,14
9625,65013756,44
4507,79128482,78
1786,51322176,49
2774,49656711,18
2434,42833112,52
5920,31097352,82
3992,81327558,78
6423,33194459,79
3760,40200401,73
4368,51117536,40
8861,51249544,60
7158,57171621,56
5257,19542525,8
3425,85187566,42
9882,78910577,45
4390,73678933,45
2440,41399676,89
5304,90517702,22
2606,17207324,37
6054,55026340,95
8772,82734223,35
7539,88783686,65
7523,48240693,80
7709,24599795,84
8120,28863712,80
7256,90626032,4
5795,40712049,53
7421,60882502,20
2995,67252376,90
2074,82271209,93
9015,78676816,41
8137,59391919,73
1535,89556297,49
9240,85222532,52
5298,32420283,3
4328,26326032,16
8470,50585002,98
1620,44069887,5
1446,34051416,69
5399,26824499,32
7399,13918972,13
8257,62518599,11
2210,47210640,42
6456,36039902,18
8421,54820931,79
7112,65134141,43
9306,94859146,70
5881,88059217,54
2307,44323474,28
7672,19063322,38
6123,50624207,3
4351,60230902,60
7733,60172413,3
2154,22657882,13
7638,85079322,57
8220,47159246,68
6770,30901483,92
6884,23164274,23
1651,16770080,59
3300,59599739,82
5806,72933802,84
1552,76821690,72
7105,13604789,63
3193,46292307,81
2865,76386390,31
8602,95889915,70
8417,72223621,32
9888,40901176,96
9996,40582892,7
5334,39390358,42
5517,92838902,92
7208,66796631,71
9294,94752477,7
9373,42094971,1
5380,27102031,87
1174,85705139,74
1026,90370456,14
7031,16398042,48
8418,48729767,83
3469,52276068,6
7436,46582056,4
1086,97091365,71
6940,38143408,59
4365,85556423,7
2793,80936191,18
6006,64581295,81
5183,83304557,85
8765,96591230,41
6224,72052153,73
6841,37115369,66
9297,21454812,76
4107,84896663,31
3612,40896875,4
9990,56360883,72
8549,68563735,72
3419,98263779,59
4534,38827738,56
7703,51651704,66
5005,13498320,94
7741,92661107,91
9339,32517910,28
6593,34286820,75
6937,16708438,66
8354,33203489,36
4430,46470359,81
9498,10358177,60
4473,23339890,85
2384,50484427,97
4219,98943102,63
8519,97615559,16
9950,51314126,84
3678,47636607,30
2395,13264157,9
9271,36463465,67
6530,51214802,20
8284,35063583,79
5234,24932049,60
2539,88068153,37
5201,99816088,9
3088,96570097,46
3782,86055954,93
7204,29383167,32
9728,55369470,55
4956,56407404,27
4935,68434233,17
4528,50127980,38
6510,14498886,73
8987,53926929,42
7464,57389356,13
3083,56728459,13
5403,80654864,50
9745,68921283,9
9108,64951023,36
7117,60053950,57
8909,79177481,67
4152,49978231,81
6829,87975884,54
7842,26086420,44
3409,92766578,45
2701,91975097,92
6572,34403751,37
4648,41837407,66
9351,93571605,69
9995,68226880,74
7056,14823678,83
5738,63555164,85
7475,91857485,12
9878,57774814,21
6837,62023685,99
5222,92881515,92
5055,84626261,58
2719,28716126,2
6299,31965741,77
2864,74153227,44
9194,26500507,53
6289,75775403,2
6686,35304308,21
8375,77812668,15
6508,64896870,66
2464,54309122,76
7677,82289304,97
1898,19739775,38
6402,72688586,81
5562,46612092,42
5368,36505372,29
6934,92918331,82
9816,63364514,15
7451,58124058,82
9132,32323949,18
9338,31927395,69
4465,95077638,52
5015,92757604,75
7864,76086376,2
7065,16962694,60
9588,83958488,17
6153,26071878,40
1421,31885366,62
6802,77598980,72
8365,57831946,99
5645,65853282,24
7500,54532033,63
1542,33671485,94
4223,52572980,21
7981,70002433,17
7208,78347278,43
6358,58377632,60
5141,81397951,50
1323,10230469,5
6396,80167380,79
1437,52389130,71
7708,38092227,54
7493,85575064,76
5844,48520946,42
2220,68999534,83
8257,55340239,56
2184,66213772,4
8178,30814439,16
9651,12136191,59
7309,50127679,39
5702,30855640,25
4014,80547153,3
5053,70832680,74
6382,76895707,82
9855,76842552,46
5579,91665761,79
3354,65764225,20
2952,40653783,38
7968,33243696,54
1884,39164226,94
8713,98452597,21
5936,32426301,82
8290,68396647,70
2730,43453190,88
9249,69809055,16
1221,11235739,38
9458,11240610,61
6801,53958659,34
1838,60806013,50
1190,95334949,4
2832,45389702,5
6243,89650530,5
2193,59418627,9
8464,76599899,40
5325,74816856,79
9454,57582468,40
8199,94733266,28
4315,20386335,32
6410,72305502,43
9156,70537306,90
4361,60914930,33
8362,16333012,39
8572,59721646,6
8152,75646579,91
1389,42464291,24
1517,44487128,80
8175,77975888,68
3735,73902924,64
8421,61405606,8
3784,51128212,59
2511,45930972,81
6756,82878050,50
5908,39732271,94
4378,32885561,16
8381,96269563,98
4089,80227688,93
4417,41018775,22
6759,91912937,5
9471,96391212,31
2003,72756004,1
1839,99298426,17
9355,40673055,62
3186,65191287,41
2166,25716733,75
6977,38705659,15
8774,67249101,20
1140,16901750,88
6984,89447777,43
8725,48527733,11
5030,82529785,37
3400,96063944,68
6305,96891517,4
4283,70394622,56
7252,59556571,37
4577,14892760,52
4706,86391862,5
2681,61090434,23
3037,49488947,56
8582,26080072,5
7964,51009640,42
5748,83824732,4
6423,66769891,44
7646,81735657,34
7435,18788954,80
4745,67515252,52
2509,81843277,6
7491,56593217,65
9065,98578914,3
1309,68274861,89
6877,16126574,22
5326,95294290,15
6656,61088598,64
7326,40283960,2
1836,44699286,14
7186,92306271,28
6808,77678419,10
3053,65098043,71
4700,76962944,16
1844,20658625,17
6158,74961926,78
8327,82627224,57
6481,20338346,67
5724,65374534,40
3367,26139257,77
7751,16520249,19
9422,65000878,30
6853,77275168,26
8509,46933637,89
8443,76576642,26
5356,31772348,45
9303,16383588,82
5573,90677259,62
5418,75060401,60
7386,45443387,59
1359,29308229,56
5954,37788026,55
6326,26311661,1
2469,44785198,34
3341,62900484,54
5376,26078305,12
8041,20398109,82
2104,92146529,51
4009,39542030,11
2047,39189203,91
4103,47388790,35
7076,71560669,45
1078,91098179,62
5046,99301495,58
3029,29996355,24
5099,29642181,9
5304,42546505,14
9079,78184676,31
6149,42032167,93
1819,96742241,24
4976,83124660,50
6720,25198518,51
1280,38663805,16
9021,65090086,70
9528,98030379,35
1501,90616545,18
9834,18683250,21
1434,82715518,39
4945,97158212,42
6301,75189091,52
9704,58290353,97
1145,89773975,17
8362,57929778,17
4655,35272490,7
6166,51073558,26
2131,11422082,67
3065,39403743,35
2425,78467078,87
1212,96136793,45
1142,70633244,98
3626,92786051,52
8258,51599164,33
2331,41938875,23
8001,75747784,39
8687,33014030,24
6182,43178685,55
5796,55807805,27
7180,68413822,70
8249,28304936,80
2912,65299756,81
4681,78748070,31
2399,16163765,42
1581,76311959,71
2518,27438138,95
4763,76661421,64
4193,76403988,93
3794,86604752,18
3547,34163825,45
2278,23745135,66
7479,64739501,77
6212,13140093,78
4062,78082864,41
8304,91452978,70
1890,67693531,53
4866,36476291,58
1797,46819759,70
8163,38641556,75
5293,51717821,37
4701,35569232,81
9233,76908908,23
1865,97975470,43
4187,60686181,91
3107,28680700,99
2130,97451530,98
6293,75161289,47
3677,89758168,97
4527,70174111,13
5353,28790608,3
7850,61059341,6
3030,62436170,8
1581,25770965,82
6653,67116903,80
8471,94445568,29
1816,70923722,87
8857,77211093,44
3449,58909930,60
4240,21995677,14
4356,86235696,9
4695,86531985,99
5586,60590936,65
4662,63374641,71
6284,99365513,69
3438,60926761,53
3258,99915635,18
4864,31977962,70
2296,64036596,21
2926,10585671,68
9262,46838315,7
3966,78862252,11
6927,64095981,12
3799,88267221,2
2075,63291147,7
1263,20422381,26
9226,52471687,88
8454,31538715,29
5435,81041149,93
3766,19551192,37
1007,49117091,91
9251,85094085,75
4040,46392789,41
7719,75390561,87
2514,91006588,45
9270,83935886,83
5410,88896779,14
7197,65835093,7
4278,36443613,62
6719,69854685,26
3042,63677249,84
6074,78593345,21
6886,32737195,29
6791,80416712,44
7302,15577005,48
3310,89616336,58
2750,92097237,12
4754,44306890,37
9959,36152100,8
1435,15909524,23
5739,43802218,56
9603,70837284,73
2964,36367790,53
8548,88914931,26
4218,60878135,93
6276,61171670,28
7951,97541206,20
6663,50020043,63
1705,48673826,12
2130,51677670,66
2015,78381758,8
7412,54384851,22
2988,69013177,75
3311,31651429,29
6127,55293310,37
9615,58753917,57
2606,11549584,27
3245,89939351,52
6179,51426129,25
1462,91446330,18
4452,82893217,16
7544,38716910,72
7269,83095094,18
8168,21221245,75
8475,88791717,49
6310,27512517,53
6552,48014708,52
6068,28474899,36
8261,73392394,24
1249,48016254,69
4663,72300542,7
5571,45225179,33
1653,46153533,51
8119,93614493,41
1191,36607266,39
3529,37894542,8
2140,39778494,17
3027,59426571,82
5202,86378694,82
2371,94121294,83
7846,44627091,51
9053,96048939,2
5519,39355852,37
7862,23780026,84
8012,99271400,93
9662,28165941,64
1144,43329250,60
4692,90500381,69
8168,73894341,40
5756,62093510,81
6604,55076040,62
8153,58106081,25
6459,88164801,84
5573,71641307,34
5115,47187134,9
7342,55609069,24
2641,84373391,79
3091,17643504,32
8208,14750809,11
7206,92531756,87
1668,74657266,63
8216,58883791,31
7515,22852587,63
2181,74287866,9
3061,82705921,23
8549,18626780,41
2386,84133573,42
6526,20524250,65
5045,79163998,17
2976,20245117,31
1578,37566139,59
7055,64758483,68
6190,89113487,96
9371,64762038,80
7272,31349872,60
5001,29722478,81
4017,93743570,66
5692,92240290,92
4272,87997212,21
3950,88995915,25
9585,14576283,81
6315,43817192,92
6472,93716994,65
5165,14986915,1
2691,60365447,88
1486,18021381,93
5018,40477581,75
1302,32396312,64
2104,12123603,32
8390,96984796,36
1011,64924909,17
2948,66310444,41
6446,28804475,61
8024,38060039,40
1076,29249737,91
3958,65354936,24
3537,60581734,65
5843,42693847,91
3113,19464524,52
2106,34411980,43
9991,52902015,28
2449,58115039,65
6777,55114474,57
9580,33863134,63
3515,47572540,83
8567,17137237,23
8511,38483699,29
4226,52788185,60
3270,49887928,32
4490,49771043,10
1865,49849404,19
3408,85921388,62
9117,90026800,62
3438,99276971,2
5405,76430288,76
7325,32391132,10
7586,74527448,95
5686,59467125,5
9125,64437930,61
2746,39986630,20
2212,64470912,96
8163,14092304,69
4285,16070703,31
5257,56127661,16
8704,72103418,79
9858,53608690,63
8059,39893179,11
8105,31661745,65
5318,16397342,9
1515,45318407,27
3626,74824084,52
4170,13151206,58
7607,26721628,67
8574,86158017,93
9357,41580236,31
7729,32199185,56
4598,95324176,8
4114,46738145,49
7954,67826779,52
6004,23088477,43
7742,49730054,70
8341,96408933,12
6863,83176584,58
2307,99192631,31
8714,79382799,78
7313,17017104,34
2487,48411663,4
9618,99105360,48
5032,56626464,93
8169,25623196,78
9523,18800898,34
3848,80369431,98
3811,29662194,12
9879,32786893,71
6031,74338442,53
2184,22360034,2
2091,56058264,92
6738,58030969,15
1676,16590226,57
9015,11118263,42
7272,34616181,49
9715,19706409,50
7587,12658487,51
5107,33021007,76
1291,18742915,75
2641,12578725,27
3731,46079850,63
1551,88450716,92
6614,46251477,81
2922,67392626,97
9594,47807978,11
4157,50206151,36
9684,86308815,36
7122,95343108,5
9700,79201174,36
4445,73579111,79
5358,48041873,15
6530,48397181,76
8236,14829662,71
3155,84670636,21
7554,11245014,30
9842,46972598,44
1763,22756726,90
1419,16076078,97
7104,89550426,24
8034,60825278,93
7185,83512485,3
9006,65992659,53
9644,25550383,45
8436,42167553,64
7962,57563065,79
9070,87552768,63
8939,24533044,4
3814,58636722,46
5565,77711556,79
3057,86721738,58
7185,99941299,16
8653,92136429,28
5827,56456904,65
1462,67532049,27
1028,40387932,61
1042,33526793,37
7546,55852220,24
1218,70605233,11
3896,50705316,87
7517,13193689,73
8219,26330841,79
5506,61704530,6
2531,29212744,17
4862,61058526,57
9279,71157828,86
7990,58792726,43
7617,45699695,27
2425,89509521,40
7765,59533376,63
7487,84368407,74
2030,10161966,76
7568,40423416,17
3794,67198287,96
9542,85168631,1
2994,72129795,24
7802,15406480,41
8492,62319785,10
3716,86989906,17
5551,75700632,70
5316,74703511,50
9221,69262760,74
5808,72024717,94
3875,44271892,13
4373,65726655,16
2638,24454931,74
1845,80597846,76
8631,73975496,22
5915,49927393,13
3682,51066766,62
3242,61332492,80
8817,54272858,73
8656,97870207,71
2613,82720618,75
5262,52329755,66
8076,95809941,71
7134,60268018,20
4366,45511619,77
2608,14899915,41
5100,88618241,55
6607,67646918,66
2196,70184598,92
7408,45252372,85
3398,43938862,20
4672,56437122,95
2870,59685035,34
1411,58978094,25
8553,75640466,36
6134,94574264,7
9159,85181824,80
6316,37330927,66
5861,42057513,96
1995,51255541,74
1292,83540098,82
1467,90649790,80
4124,48669128,30
1680,67392738,63
1907,62419483,28
2676,50219782,34
1904,13779908,90
3228,83369734,63
1406,34231252,47
5780,85535064,51
8933,69150515,92
4106,67820434,67
9280,47510867,12
8935,75718572,53
8599,77649500,80
1143,56165408,50
2445,13967531,56
8595,10507461,75
8134,85037424,1
3421,57679377,92
6778,83137438,14
4202,88963957,89
3713,31746709,15
5364,80887547,17
7439,70369645,82
1159,22086057,78
2464,13068952,67
4544,69240844,55
8354,77324412,41
8300,59913748,32
3531,55992995,69
4038,92038347,29
9322,96912021,60
4922,52128549,65
9275,70300168,31
3565,94165751,41
7847,15110611,21
4758,11935961,5
2474,75059307,94
4165,29346424,89
7850,89712956,38
1699,33781464,95
9362,12048215,22
2202,65387395,64
8471,12799585,45
9696,11925511,22
1743,44629528,55
1094,17947839,14
9138,81832237,36
9550,63397467,3
5932,50662448,53
4280,84831863,57
8581,90351085,71
9733,90129334,28
6694,39294169,96
1630,69927637,17
1111,84600019,26
3299,64224855,93
8274,85906669,35
2733,35281904,38
3107,90772771,38
3152,86697219,98
5293,55549421,32
7446,54898571,18
3318,35387977,15
6002,36156072,99
2984,37400622,99
3412,30456716,8
6453,57119210,62
7541,51207992,92
2372,99582637,4
1633,48718747,78
1245,41280256,59
2407,65018582,87
5753,23320769,69
4033,42504972,41
3699,25428898,69
5444,54353894,92
7734,23036483,86
7233,76873142,18
9636,50477350,62
6705,52557422,73
4865,79343517,25
8607,29474875,35
3078,96388219,58
3897,71362592,91
4608,70022470,99
7757,72090022,86
5830,62547966,32
3745,77491178,2
7400,91116753,40
1210,23051932,59
5797,45883676,26
5710,45454858,83
1421,28878739,99
4461,81735409,15
6580,40071032,68
8853,76089595,69
1153,95019628,37
6838,36635391,54
7955,39058899,84
9111,28900733,23
6788,74731641,5
5448,76871387,93
4046,51857312,47
8839,45309409,40
6612,93834196,7
9456,30369380,5
6485,64615570,17
5093,57265253,26
8241,17634847,36
8911,62266435,9
5882,27610925,59
9425,79889482,90
2176,38326252,86
7323,48970692,51
3064,71714404,31
1485,37288703,22
2635,79501967,15
3345,88771016,60
6192,75512477,32
1153,76970738,99
2259,49514121,64
2169,74098370,91
6521,47229967,80
8906,41817619,59
8105,46892572,45
9762,25601897,79
2537,14052906,57
8205,65849015,53
3249,63083326,94
6508,14552070,27
9120,22356640,18
1252,91950180,79
2433,79286464,17
9359,61547038,14
3111,32390740,2
7303,54162072,67
3919,22997384,68
3600,66520190,50
4139,43633609,69
6740,16773384,53
4682,47106170,78
1979,89285426,69
3156,47783617,59
3498,73464533,34
1492,83741198,32
5960,42101385,98
1228,48989234,62
5703,15500965,36
2012,39112381,64
6290,99554339,36
8738,32548049,19
5289,49931537,63
1381,47025834,14
9223,25284078,66
4649,93787414,91
9628,74486489,2
1616,47283185,7
1579,43935069,74
6360,14605375,75
6244,99215501,65
5458,41762605,24
7232,15789605,21
9170,82886165,72
8615,73379302,82
6042,15996442,56
6365,94632335,76
6598,64864078,2
3228,71461654,55
2385,99223163,59
3415,58059676,6
4177,69022311,18
4656,50476802,42
7345,51829217,66
9240,74011653,94
8596,92578683,44
5214,60684605,21
7724,48538781,46
6438,31243562,10
8296,76644836,29
6746,30740532,29
2894,82178511,6
5340,20851077,86
1516,17511875,12
2022,63203330,85
5396,37172309,93
8837,31468217,5
1444,22001062,90
4109,69581800,87
7539,24612009,24
2780,40008079,25
1417,78881360,96
7956,51579197,56
5169,50041597,16
9814,11915932,83
3838,91024757,28
3640,50632400,56
7911,84255204,3
1356,49184559,45
2310,43724725,66
9129,98932769,59
6368,31466972,59
1276,80440133,5
9166,20025151,73
1437,27998430,78
2689,21689252,71
8650,39980700,45
4977,77368000,61
2747,21425426,82
5309,42594483,6
6611,91234800,25
7904,19530972,43
8592,29438268,71
7253,17407131,22
7659,33223970,77
1092,40104360,94
2053,44673216,34
3799,57374538,23
6689,46567048,49
9559,52479201,81
9218,49489053,56
1937,38794254,2
5977,70954340,14
6138,47005940,18
7096,64707078,78
2242,58679770,5
2393,64833953,27
4760,44786670,15
2097,82625391,22
7012,50340764,76
9665,47324777,92
7735,58215477,74
9844,30283695,50
6328,30604514,32
9078,65270770,53
4320,64596845,55
2195,97532770,29
6171,31245993,29
2263,41878812,96
2107,94667478,88
6284,57625655,18
7020,49670857,12
6864,82082769,21
2293,99606071,28
6416,33209693,80
6777,37936992,40
1227,26614875,23
2976,40266543,10
9789,88234215,30
2528,87298568,52
2781,58785193,18
1157,30552194,83
5802,32628517,13
2908,59672241,45
5899,54844977,24
6813,22259427,48
2549,87298200,85
3697,57152427,78
4867,23702397,56
6781,58028684,34
9135,74786633,7
9604,22139106,72
4303,93715106,20
9732,46141766,82
3124,60406887,40
6280,51291576,83
7414,68295588,96
6615,95721244,42
5040,65578588,83
4957,47703038,30
1567,99297016,74
6423,77275677,51
2606,96704036,6
2538,25011506,29
1587,34485133,18
5499,57971220,63
6096,61889998,49
7668,83082669,78
3551,24489884,63
9130,16030139,92
2887,53682871,48
5267,65405593,44
4947,41969835,37
4255,52899433,5
8538,82287534,39
5028,13766743,78
4930,90729120,15
5196,77992913,49
4535,28525573,5
5077,84944192,70
4435,77727725,67
2538,96628439,94
9792,28363070,27
9797,98228532,73
8457,13136195,6
6851,32150567,71
1286,17116350,40
9245,60210894,90
1128,26176548,89
3711,96233264,21
9073,23665863,34
9205,84016775,21
8974,39837896,70
8307,84374818,77
7943,14024710,68
2086,67915374,57
6215,23454429,40
7950,80840328,53
2050,36150903,22
2319,74020996,35
4889,74072062,89
5564,40449659,86
7144,10591602,53
9356,83625739,77
9008,13585557,43
6360,82143123,18
6384,11956428,19
6437,66895965,28
3394,13839612,82
4144,47199772,56
5898,36943686,54
6988,81286841,39
1346,85566627,50
6091,26853718,73
3376,25580423,93
8153,40250936,82
9780,28361737,97
4977,60994912,75
6615,19318841,60
2380,66006263,86
9369,71423617,16
3622,71402475,57
2022,85386545,95
6207,41861758,65
4660,11639960,70
8809,65826845,23
2433,19744137,28
2574,82414638,30
1081,70574751,16
2890,96637867,51
9892,28171838,5
6163,39186836,8
8880,14110690,40
9370,43366967,21
8812,56768496,74
2938,19206862,80
6973,40396196,71
3726,58410055,79
2183,43695749,23
9383,32092620,20
7580,99677472,12
4854,21817873,73
9854,81169267,33
6438,86061358,78
8975,39602303,63
5480,88023757,60
9432,66126807,99
5075,68757912,82
1643,22514743,15
8726,97734567,42
3387,48266590,92
1772,55408326,37
7731,32003478,50
3435,46028288,80
7949,62484524,97
1654,20201386,68
5050,99541188,79
5607,55547311,12
1519,69806923,57
7572,76188992,52
2020,17989127,40
1705,79969839,95
6000,98647809,28
1338,46771932,69
9138,48970558,31
6355,73357361,2
6852,70918357,78
2987,13909867,55
6934,98967216,21
5940,71745517,27
2022,30402418,35
3312,99383485,78
4363,65356271,2
3978,75009040,54
5653,79681393,32
6414,95956155,51
9282,26515366,74
6876,49348829,46
4654,53237253,20
7645,72634883,79
1916,65225568,54
8982,61684879,4
5970,35654561,21
8741,24511436,65
2256,61088350,81
8927,96763036,7
2965,12199609,77
3894,37776319,74
3909,97763540,79
9782,10301727,39
6964,82846416,90
8130,73383671,58
6822,73698116,1
4763,81935237,8
7713,53449948,9
7734,69750141,23
1463,66911694,80
6006,98312554,44
8882,73246011,50
5356,75419739,84
5742,26512432,46
1653,69686906,4
3226,35034781,37
3397,27376288,98
7511,95467895,83
3080,76129823,53
7941,93948733,92
1537,94507539,5
4055,84045875,55
4669,19056437,81
7123,36047459,63
3307,54209868,99
7782,49960907,86
5073,82008404,45
7469,64228447,87
2120,28565665,77
6639,32992070,55
1379,58649400,62
8811,61258520,70
3538,28834921,86
2223,19054936,44
3422,42983712,92
4438,76557404,76
8630,99358764,35
2642,13804734,32
3503,82249756,48
6035,43583809,13
1964,82825356,85
5902,77167313,77
1279,87343079,99
7404,13680806,13
5126,40497219,72
5972,48921231,38
5197,43758056,35
6112,59438391,44
5161,84415947,8
6266,42707731,46
5120,23659591,16
3584,59643394,59
3889,70550627,39
6995,48587759,18
7838,61215682,8
5364,51986509,84
2357,95279501,75
9736,15653437,96
2212,41143659,50
2268,13933895,58
3876,56779382,63
8987,80137796,33
2275,70158771,55
1496,77145222,35
9200,30906048,72
5867,57160474,8
1266,10477993,60
3817,91818562,21
8100,55514369,3
1030,93104077,45
1252,39627653,95
8622,20879726,94
9728,97934229,82
3416,28260429,60
9221,82095604,65
2382,72767623,6
3635,77256206,61
8007,56875564,79
7027,83887221,10
3434,78391262,35
5813,18406663,78
5109,35211452,72
9347,69969701,17
8537,74106310,28
6036,43571365,79
3349,62171155,30
8418,66404964,99
6119,53381093,86
4081,54753890,22
9576,83963881,19
8090,49933258,10
7401,87618924,78
2963,29627347,60
3904,99866774,60
4245,11632307,72
1794,83315717,60
8408,39200833,83
9609,39220458,32
1006,92584358,60
6325,15592493,76
2504,32280545,38
7533,47615433,20
6969,65864504,21
6479,16940924,94
4316,50340803,54
5051,46940215,9
8504,69416577,24
8615,84517279,61
7664,36739292,67
4914,44462905,67
6739,90736816,43
8407,62384906,66
8572,72159788,67
8890,31443042,51
9709,37760233,12
6588,19570244,61
6525,66424048,22
7478,40264855,44
1964,19466004,94
6067,57216160,33
4974,93867946,34
6805,41200797,45
4704,12428932,61
4429,57595626,89
8221,90798348,95
9663,62244560,86
2618,56399951,98
9405,71648414,50
3347,18106291,1
2601,29283638,74
1604,37153657,88
7767,26215276,67
8751,99402307,14
7589,50033501,98
8503,46752083,3
5833,80136564,46
3349,98987967,42
8026,28415269,33
4180,84666155,70
2650,95667039,18
7057,72628892,87
5245,33777835,3
7583,66829714,59
6769,14879565,41
1772,47197179,79
7604,52911250,85
7168,90744003,33
7370,89402836,42
1993,57034666,10
2364,94607100,62
4690,86063625,47
3498,45505244,33
4225,43135774,50
6937,58127589,69
8900,57804378,1
9317,85192415,3
2614,63394491,38
9870,62719872,25
1701,25839188,82
6328,89622571,51
2075,34859165,89
4560,50073585,98
2499,86258815,7
5611,83009090,86
4940,26054215,5
3914,65807490,67
5226,83814397,38
5882,69765231,45
9833,37404098,57
2975,89676462,57
1907,25270441,13
3650,20933615,35
4658,65415066,55
2741,33195001,39
8832,99113041,12
2668,91490677,25
6214,44884735,6
6054,48358228,19
1529,55965824,24
5495,65337704,31
4102,94606513,40
7971,47781498,28
7463,98653075,60
7515,25302620,1
2800,94681774,8
2812,18337648,44
1633,58256593,84
4764,59342386,55
9132,42403577,83
6590,41040600,75
6247,48774534,42
1595,42938295,85
3718,55704123,32
7056,92524046,20
4835,75513722,33
6732,86874173,92
7661,79735692,56
9826,48023772,8
5096,13217751,62
3265,55727317,67
2327,97296535,55
9777,10511972,56
3798,16883037,75
7714,45088932,67
9905,88724461,57
3408,60614986,49
2347,81263274,3
9538,75053865,28
2919,66508489,47
8317,38903349,39
3081,29100653,19
7690,63614620,34
2905,86811728,94
6193,75925745,33
6379,85143593,75
1750,86435460,71
6609,60014161,61
1269,19114743,45
4733,60252109,36
4335,63974381,71
8769,22037108,24
7602,32135571,5
2627,61399388,38
3773,12224097,25
9883,76621674,58
4347,19809198,19
4549,88589328,74
2101,90841043,63
3421,93773571,6
5189,79925659,71
1871,77217291,96
3802,28582403,8
6254,25391525,6
8059,86911273,32
4752,73637425,60
9969,95177317,2
4815,20338380,53
7268,20117580,82
3802,51367566,59
9912,67985608,38
6801,36733804,23
1388,40778438,78
6346,54910207,53
9412,40871016,33
6517,68451116,25
9737,11836064,29
6443,65768877,69
3979,31236156,16
9241,51185436,67
2421,31613157,10
5970,43430577,73
7824,91060716,55
4363,21830605,26
1010,57862456,20
5539,85258073,75
9278,13300817,40
9916,73867131,91
3785,37052547,8
2850,68004013,88
3462,16971844,41
2365,15166543,57
4777,71745095,58
8209,22285761,85
5911,90351667,84
8213,73665195,18
6778,62253729,59
8467,78128830,67
7280,67884073,3
8522,17463975,9
1621,36052563,23
7626,99195954,70
1469,40483302,42
5865,51689794,20
3707,40934675,64
4975,38858901,89
9477,78368542,22
4300,28753050,31
2653,97819628,38
4204,90749067,68
2754,71720912,35
6223,28611696,67
6797,25595732,21
5864,23875198,40
9501,98354097,82
5916,10047663,60
1490,68383154,47
2283,40388675,82
8401,75478678,11
8513,40452377,57
1783,16801728,75
5994,57066428,54
9831,87369317,12
5129,22915838,60
1932,76638913,75
3036,15985222,13
2873,38038224,41
1027,59201150,89
2359,83185991,4
8242,79136456,37
6511,88133397,15
9334,32514955,66
4466,72974900,76
7250,31658998,91
4195,38313093,49
1754,80982298,21
7886,80438287,82
4837,49076311,59
2528,31380100,74
8389,89453677,48
2090,69133955,58
4391,19744651,84
9093,99372558,82
4369,99194392,30
5559,59980078,63
6277,38056168,1
3517,13467801,71
1707,62999112,50
5878,15496261,33
4167,13812905,63
3870,49012982,76
3956,81713020,48
7913,31021750,13
3268,10916136,61
9126,35344705,1
5526,85883073,82
6215,89777773,18
9909,59790872,49
7232,29766156,73
8327,10317199,63
4890,79550667,22
7980,84226613,88
7230,70998942,95
7968,52723862,57
9183,13622091,14
8721,83514042,9
2409,61084147,85
4381,68071807,87
8939,68234570,32
5347,35957913,61
1824,71572577,6
4243,68359978,82
5658,93708708,80
5066,50918626,38
9343,98932614,97
2353,42276465,70
4390,51280711,76
4067,58156467,61
5433,64834541,16
6309,89665730,6
5561,29729329,40
7006,92287057,38
1961,96810197,2
7447,48205081,35
6441,57438450,49
4769,66389405,24
6576,13603575,51
7888,99306185,16
5832,45504902,35
7914,40410726,50
7833,90001608,73
4310,38318198,33
1119,87760525,98
1579,14755302,47
2245,24919787,63
2812,12701975,43
2222,77592932,63
8890,62538606,61
9406,85056999,20
1726,11039666,5
1350,80929956,17
6742,72439543,88
3728,16033649,25
1790,98313666,94
9458,50632059,36
3704,72073706,47
4195,72360390,5
4167,36795413,81
2796,14706952,85
2761,54659242,90
1090,41311389,1
5453,34122650,7
1113,75074553,4
3755,93347096,10
2423,91297639,66
6541,51150114,32
8087,60241562,49
1831,73581744,28
3567,98675875,69
3415,20087418,11
3970,36813526,19
5290,40566782,82
7298,37203631,66
4084,17623498,62
9278,25480229,38
2215,33506534,42
6651,36167160,24
5513,56510805,94
7500,73952283,56
8677,11893483,95
8369,53082154,60
1499,23122811,16
1964,89938713,14
5702,32604770,44
8962,29534485,14
7793,58788206,30
4053,85194961,93
6234,55188026,66
2766,66083382,4
2453,78011135,62
5499,74677853,51
3393,42338254,92
3953,83308553,30
3957,57309409,4
1723,81736779,91
4233,85098547,6
7222,95848961,25
6617,37784977,53
3658,18865313,91
6639,40447201,86
7301,93449319,85
1414,77204870,56
7651,33057086,9
2490,67603352,25
3169,92643668,70
2642,47119925,9
3958,89652851,45
4245,75195305,66
3352,45658410,15
2734,87400159,84
7927,63186172,90
5603,80242500,75
8211,41801019,1
7740,15502197,63
8184,64498416,21
6362,64668554,92
8726,77047214,61
8426,11134520,84
7608,51322601,52
2436,78252784,36
6800,89242115,30
5965,48555212,39
4339,93472591,58
8619,18083155,74
9187,71775239,96
2204,95455285,61
7400,55847633,97
2102,70250972,60
6708,55571289,11
1296,26571989,95
9969,51177699,92
4835,28389935,67
2880,95738890,24
3158,71827960,13
1495,68706723,67
4073,80094613,27
8471,74853971,57
1247,74992897,49
2624,91462813,87
1768,11845372,57
6523,40132184,43
8612,20556732,86
9175,54754040,66
8946,32160241,16
6336,35192874,91
9063,44258056,74
8748,48498509,5
8612,27822602,68
8158,32778557,26
5484,89724229,36
1672,62231206,36
3524,10927634,74
6419,31687260,39
1951,19116867,16
6181,75680993,18
7828,83157227,52
3989,10045351,92
4093,43915440,33
4904,26722908,25
5747,58141377,67
1905,23388717,58
3354,97964253,62
1585,48147708,57
7670,15156637,68
5502,98123578,97
9669,28836795,16
3783,97851601,23
9830,96241626,17
6267,33202641,96
7341,39137479,92
2036,95001888,7
7175,36726250,87
1317,21207859,33
6062,97433959,89
5595,89207822,77
1765,51697942,84
7427,25759074,67
7060,85986046,61
4902,96238968,79
9941,19751034,59
8136,89986400,44
8049,86545426,96
3394,32437944,60
2473,82421058,8
2994,83641642,58
2369,10215952,14
9583,41806665,48
2345,35217264,39
4748,16689463,52
9344,32759804,20
4692,48768911,65
6554,80310697,62
4450,26414058,35
6667,97960558,71
1278,31124859,34
6113,54386624,85
2630,84948347,77
8275,53739265,30
1720,16824447,16
6038,77213858,27
2202,40853336,42
8670,64445011,41
8728,55047488,40
6723,52175736,37
5377,55551425,64
8799,86904418,89
5288,29772231,20
9773,83159149,4
6701,75697978,49
1419,79468789,81
8775,64082078,90
7512,84529109,34
4128,29815485,55
9693,80730287,71
8542,99032998,1
8006,20909674,77
7348,94170100,44
3177,17586665,89
3843,84321102,8
1022,24578375,88
6806,16990622,28
1616,89168241,22
4912,60776964,45
6730,60483185,45
6528,47652020,18
6489,82744748,81
1700,94987647,5
7378,48057687,74
5436,50427073,43
5530,21257979,46
5343,40134643,61
3020,58238792,26
7718,21246391,11
3351,18775510,30
1202,42972701,66
8793,38292440,30
4061,94507175,25
1396,24332442,83
8987,62706243,70
1658,15325961,90
4487,89218995,95
3278,72111813,39
7989,31546077,69
4719,35006497,15
3101,85584811,70
7783,80239155,50
9851,81337517,82
8881,28116325,82
4755,40287707,94
1708,95410739,88
1750,75401473,44
1491,88386706,91
5124,73362841,13
9020,92347399,58
6673,86949822,19
1920,22535614,36
8258,63330715,37
2755,25010039,79
8770,47346812,73
6601,62692440,69
5644,39789484,30
5133,95729951,89
5512,32876059,76
3829,84769629,26
7486,83639833,66
9599,56086641,83
8834,71727320,1
8710,39473645,74
6411,16742046,40
8973,57299470,40
1864,10899700,93
5063,35843906,66
2985,43142271,46
4549,80356782,16
2482,33460319,8
4385,83186543,44
8779,92003850,25
8239,63852137,85
5757,89475290,98
7746,68812823,1
1521,65423921,10
5141,50822236,21
5590,96910585,20
4306,66760780,62
3286,18683343,5
1758,86658587,17
9482,41835812,51
4687,73299886,47
9642,53262980,79
1483,46866766,92
3207,71575723,43
9264,86869422,15
3435,22413857,15
5220,92167584,80
8122,48205368,38
6053,43750522,22
5017,56082807,12
1318,26943880,40
1926,59746677,72
3827,88742450,39
2808,68591493,52
5363,29514867,12
7656,70227732,98
5182,74726657,71
1660,24820029,26
1689,82365444,23
3461,45863472,23
6364,15371312,81
7581,45650764,28
8898,11351050,63
3737,63352216,92
9483,81772674,17
4239,88280727,88
5626,63565454,9
1094,67267012,91
7840,57447046,34
8743,80879536,29
6013,75723715,80
8573,32382210,46
2684,59086113,65
8225,93399319,64
1380,99865616,64
5565,36192402,5
3954,33743473,69
6037,60764675,25
7350,26734191,54
9536,11561084,55
5745,90967842,37
4421,38291860,89
9035,91968921,66
7171,42627093,34
1966,87272359,67
5536,70185261,62
4710,91040913,43
1309,54148379,7
3421,23115289,30
7780,16957998,52
8558,11622464,88
3209,36116965,31
8812,42533369,19
4046,65902075,66
8242,29125695,80
9753,13771017,69
9551,22116930,79
7164,12480738,95
1234,84976997,20
3588,56378244,84
2094,53761172,77
1513,19163187,38
5861,57646684,36
1629,86640772,47
7224,97614116,2
3674,73128355,44
2203,71865501,42
5493,59231864,69
3410,26704874,6
4752,89439983,17
4294,61630054,84
4565,78819530,25
9963,61253173,72
4746,41643909,75
9804,42289979,34
9005,86060425,45
3962,80909488,31
6793,57085866,98
4656,96434888,17
4094,82696126,4
5655,75881246,98
6231,98298179,2
9117,90499989,80
1933,71058885,42
6373,23144372,36
6292,84646607,16
9114,41418831,69
9188,81689118,60
8439,34306624,12
9215,45916447,38
8902,36091818,34
4297,23926233,66
6636,32199749,57
1486,99538706,35
9969,16216426,68
3114,25505805,16
5559,81209766,45
2095,12171375,58
7932,57799028,37
5283,17637232,78
1854,44328308,37
3340,72432476,81
2703,94346330,72
7458,85039950,60
1648,49188622,49
3370,94612935,3
7120,20187316,33
7007,37539433,60
5655,58341728,18
2455,20267410,29
8771,50007798,49
7734,53529529,72
6706,30614800,29
7782,74916009,94
8351,30414096,96
3014,88682713,48
3640,11225835,64
2919,58039025,52
6235,15819268,59
7971,46966949,38
8246,94183774,66
7194,17906314,63
3896,90870548,70
6296,63790097,73
2117,22236234,7
8099,83466096,47
7057,20355474,9
4410,92370154,65
5643,91506641,6
5722,22175294,83
7150,50347567,68
7503,86556679,49
9465,67496635,49
6478,34730128,2
7895,20481895,16
5114,28956635,86
7685,68043900,34
6413,45270653,14
1719,83977463,39
1573,16097031,50
9832,74890705,95
5548,50787414,63
8690,13346382,49
7238,91905528,37
6449,67528328,53
8870,60967309,23
5455,10731387,22
9293,94776528,76
3877,36830645,55
1816,97081297,40
3005,27492263,81
3309,38211066,72
4623,24645399,34
2768,18129385,87
1607,73856019,27
3770,29243397,45
1563,97127103,79
8153,74520249,26
7333,56398392,77
7054,29194611,10
1146,29690090,46
9421,97349534,99
1324,12501105,8
6731,38712271,91
4685,25680922,99
4372,93195341,62
3734,65787874,27
1515,81730537,88
6986,14521153,54
1413,16769003,18
4455,48701016,47
1582,81867678,60
1538,90111109,4
8713,12750244,72
6984,37624089,45
4374,26424469,6
6083,31707261,76
1581,28060686,78
4865,59055793,54
4771,83018522,35
3838,15404875,10
2803,28213411,42
3050,47181157,66
9538,17899682,58
1670,40859278,45
3635,43982567,52
7394,85519694,49
3265,98578485,12
4536,93757236,57
4298,97535415,29
3481,67265058,85
9426,79543184,49
7222,38528045,38
8584,57905863,26
8410,96492300,39
4490,94619169,59
4828,49484390,96
8230,84043924,72
5422,37763883,89
5764,83868747,57
4620,89226320,23
4392,33914824,63
8370,40125469,53
1159,25749222,15
6545,11438791,11
7247,11377720,57
9219,86639333,45
7625,55737763,90
4937,92989372,76
9867,90659842,16
9564,21150752,20
8429,68012926,76
6797,55554788,53
2593,92502576,79
6343,59587353,67
3332,70209274,45
9909,51695501,71
6525,53896337,15
8119,88242742,95
4461,19091082,79
4265,10668703,16
6020,82762086,56
7853,68674929,36
6447,51119457,19
1867,70094434,73
9145,47762838,42
6112,48255809,46
6377,74099285,69
7735,41314407,6
4588,50858025,85
5030,67181788,54
6375,54417240,49
9011,88051322,32
9406,60853281,64
3065,92953378,67
4890,36429067,16
2452,44503811,29
3259,27671068,94
6624,87738130,33
2976,70105435,14
9433,58459634,12
6765,15532544,49
9591,10697703,3
2457,94189067,32
5699,46868544,11
8395,86147277,5
4451,17902364,48
1456,91333489,43
3906,88528768,76
7334,66229306,90
3156,52760913,73
5085,10317731,57
8798,50845226,24
6570,70559645,8
3913,60283436,58
8622,88370172,59
1419,17722732,59
9488,17320820,43
6798,37884913,66
1395,61311784,65
9073,20429990,73
6145,62538159,9
2914,28422690,64
5720,43834369,83
2583,85966199,31
8230,40978243,79
4904,49132442,27
7687,25291461,82
2834,90409051,1
5291,38984557,29
9942,29096612,43
4443,57045032,21
7624,56150501,1
8390,25086812,40
2819,44397889,43
2772,91850059,4
8498,45742060,84
2748,67878799,37
7122,97930125,63
3176,74694475,93
8705,45920752,13
6630,11705656,93
5720,74137900,77
3996,29218181,1
8691,94358397,65
1962,23717022,4
8478,42151821,92
6379,30195745,17
1398,29980337,97
5160,39944582,6
7122,80834857,88
8175,89949071,6
3234,72382876,52
9005,46228906,82
1463,23882049,92
1487,23408267,15
4801,38957033,37
1952,61104082,71
1310,28516282,23
1089,66355545,37
2878,57124279,97
3723,59477743,85
7211,88444316,4
1223,64989153,30
7896,23958687,86
4454,41671007,50
5179,71508607,48
5817,97752281,35
2620,79987747,98
4726,61593012,51
3591,38467133,96
3551,29087054,78
8135,69136206,96
1613,43983917,77
7871,97935261,27
8666,33358271,98
4476,24235439,8
3041,24799331,83
5322,12319397,46
5241,37876898,89
3084,56904349,1
6041,41909531,63
7036,76720548,46
4151,64894431,33
8750,88963791,48
6928,50048202,11
3405,55187967,5
2181,75080119,89
8396,22914271,18
8634,55546310,38
4858,95764466,4
6158,29418475,4
7681,68471969,56
5892,77906715,34
5723,46297803,56
6762,70638500,5
8881,60114228,73
1496,54294956,50
5130,84533996,2
3824,40638867,62
3133,83445956,40
1832,76680859,87
2613,50392712,66
7170,34342248,25
4943,39679532,65
9928,17915782,28
4047,25220523,70
5400,82210339,15
6524,35103254,70
1762,86369218,43
5982,69924823,15
3729,26321128,13
5912,46684379,50
5025,36896144,19
1920,99024157,13
2110,55634421,73
8436,84872494,98
6520,89993803,76
8071,15991764,31
6202,30915487,29
8092,36549408,38
9652,28450131,16
6099,66718460,80
1937,27952131,31
8180,23096116,3
9590,61147465,61
8327,32961668,67
2949,17300372,60
1870,56496617,13
8498,34200490,50
7871,39350549,70
8950,73551711,3
4913,52443694,55
4215,36152577,67
2523,76468572,95
6540,72349502,8
5553,47347585,97
1112,19680078,89
8391,97839356,43
3875,34566881,25
9947,41969396,84
2488,70934276,84
8331,18072765,94
5354,97661385,86
9853,96150782,83
7257,96227461,38
8668,76623202,99
8946,29733640,62
3778,52681784,99
9860,33016312,73
6771,62096380,39
5886,63395695,51
5173,34442993,49
6056,78813899,71
8391,26241016,51
2336,68149390,32
6086,28414270,79
2105,32590566,5
8371,15527743,62
3614,42097896,28
5866,14155168,9
2378,84592904,30
9993,51420910,24
1582,74333145,37
4485,10285330,95
5424,84940757,61
4757,77116436,80
6132,22897964,44
4289,40998588,97
5900,69252655,24
1545,17099756,25
3584,49904691,57
3746,11104296,54
5992,95674100,71
5516,57717675,12
6813,61500701,44
6360,54491957,96
9019,19988216,69
6174,55513103,42
6657,68458912,66
8083,74641577,84
2819,44882303,12
3580,37410694,15
7600,41440430,2
7073,48921906,44
9155,31622823,91
7039,90010061,89
9555,13910606,17
5202,37413220,18
1284,17449653,6
8774,50585887,35
1660,54952099,50
5618,15886353,48
3362,89706327,80
3439,94132929,45
5419,73776032,39
8610,20598970,31
4862,19233021,28
5508,13265996,19
9825,88713619,66
6661,72935966,78
8478,40076730,84
3068,84714229,67
5203,96301424,74
9703,78752180,77
7026,39995898,79
7928,50823835,66
5574,82818870,50
4193,34949144,72
3782,36132680,4
1504,34765962,74
9980,58352884,50
3774,55664254,46
7368,45584870,8
4121,30117674,71
6082,49023327,81
3123,82924698,74
4458,76564438,87
1535,65986289,68
4488,65238125,63
7929,79401318,47
2847,36899424,19
9770,40096639,21
9503,44931306,13
1425,52612009,67
4319,52335846,84
3119,32778972,44
8232,73953562,34
8594,14195967,4
6680,61033630,46
1054,56397858,75
4398,28036203,6
2238,82440784,77
5646,97318656,25
9327,17412030,37
5156,66873200,50
3421,97897422,24
7941,18007208,75
3761,21463109,45
2996,92025062,62
3497,33794008,4
6036,73468463,60
6911,11290110,42
9476,72075856,78
3805,83747605,21
6890,58957457,97
8668,81244570,84
1163,51774646,34
1270,35757542,67
7662,29552170,70
6220,61426907,80
6204,80485993,24
2388,54419614,56
9323,83309022,52
7156,13229234,37
8354,24830454,71
8153,11459516,49
6937,24917593,14
3115,65800737,82
3535,96948070,41
6841,33093378,90
8242,44439855,92
5807,48992360,64
1097,37543445,13
9776,49688991,89
3645,11853296,93
9288,15609479,51
6541,30714258,19
3001,35659927,74
1045,56673972,61
2354,81430346,13
1528,78784167,7
8962,48495657,1
4227,70859393,83
7802,37062229,87
5119,93838197,70
9319,26812464,78
9691,28532419,75
2383,79264091,99
5158,64239963,22
9674,93060810,32
9796,64088495,61
7320,62207813,86
1548,97502224,8
7439,65405355,81
8555,21252725,34
8808,11205039,81
9815,68115302,77
6731,44422898,95
7558,52625824,77
6671,36570909,22
3318,21068996,41
2401,34334528,99
9743,59624482,10
4991,86297925,81
5000,82383672,5
7665,86488843,41
5758,79423999,55
2500,34235118,97
9193,64412004,72
8050,72269754,60
9429,62292393,48
7526,84559337,97
8000,11069899,35
5751,49981296,63
6753,74359458,72
1701,61358949,35
2256,21783192,84
8011,33189629,39
2698,22349969,31
5885,10252659,73
4947,24195874,83
7032,68361159,76
8911,68873709,76
8850,57288894,76
2375,80132398,41
5018,81529566,7
4460,12118120,42
4373,51671374,55
7783,79802926,76
2095,53870911,72
2295,66921862,36
7732,65492780,67
2443,67119182,12
6375,99609334,1
5394,99399354,68
3841,80714262,14
6059,70804996,3
3108,76996323,36
5496,25984392,89
4055,16478904,63
7090,55834873,32
3398,40420235,55
9604,73576373,78
3870,67192199,11
4919,46847881,55
4059,74354793,76
7716,34656643,64
7487,63197741,45
8096,47085297,62
7428,77769265,45
3818,27023964,64
7487,64065491,17
2479,92142471,18
8792,81390238,29
4795,82669435,32
3406,69964705,34
1103,15334209,94
8876,86833399,72
4865,32838078,21
4276,36635564,54
4428,86703631,89
5581,61567126,98
2898,44288192,77
9877,86423988,29
7346,13226432,29
1569,70396212,90
3012,89205619,13
2416,53331055,68
4257,99333784,63
1896,49239296,91
2951,45195646,14
4558,48515925,9
9709,78318533,54
5754,52381559,54
4913,32021933,14
7372,53854517,38
7223,55177279,51
1905,76498136,40
5949,63466019,34
4316,77306152,8
4834,55509466,81
7434,52776527,6
9677,53511741,23
2615,15885871,95
9502,18544672,77
2424,46204462,21
7799,99509497,73
3830,93102930,43
3526,35361378,23
1936,34344501,17
1137,29538067,26
4900,23074330,29
1500,71441510,56
6096,25361801,24
8267,26421573,24
3368,71206613,93
9780,10086124,45
1336,28849747,95
2904,60986170,90
5302,93488194,5
9615,70166135,52
2480,13742766,37
2368,53368995,3
2555,65728936,5
7758,76292778,65
2098,66651494,23
2940,82770138,43
1233,16648404,75
8689,99888399,15
8489,63488485,5
2631,57131767,20
5835,36164391,13
4171,43577972,16
6369,15044833,72
6590,66510120,44
8278,81232985,29
6005,27090291,24
6117,67400752,21
3330,36776909,88
1829,83723126,15
9671,59741334,34
4393,34285867,48
7748,37151141,44
2096,16861615,57
1510,56733281,14
6450,97171893,51
5711,18093410,94
3213,94157177,22
5012,80968542,86
6520,77294362,64
8081,16970572,84
4386,39879679,10
2919,41419952,51
4361,72946948,63
6731,98270830,42
2729,16961067,25
2541,80797407,89
5559,68067137,80
6126,96356210,86
6005,69398631,53
9004,81726106,99
3456,78584905,13
5881,54607363,7
5236,12060223,23
9296,37013596,96
7426,22869692,1
5142,51138223,86
7474,60736636,40
1526,14941446,70
7473,76102193,52
7160,61186153,52
6450,25563724,52
6136,58796716,79
9279,99023028,45
6583,64939158,34
6572,92335720,12
5706,72779674,57
6485,89253141,95
7270,25568219,53
1513,71834665,10
4019,54947118,29
9890,13640657,75
2105,25245423,82
2521,51930731,88
4947,91155563,36
8279,90242062,29
4805,16156385,75
3540,51865723,6
2540,59994965,3
2774,44956816,15
4007,58596085,43
6120,27200454,85
4068,26343094,15
2091,30248536,99
9143,72975793,24
2922,62429401,82
6564,73562417,2
4354,29748187,92
5802,72366396,68
7594,46056386,55
6748,37890230,85
9533,96317762,18
2736,55524356,66
8136,38653925,2
7804,54682066,21
3159,15379681,52
8052,55544187,61
2481,89636839,11
2143,78977596,63
6140,43466067,77
3324,16285661,4
6312,75156091,4
4246,32951831,59
7299,59398015,20
6538,55156893,49
9223,45298743,98
6768,73677809,73
9292,38011982,87
8697,37489373,42
6934,84975928,15
2428,74442269,66
4209,39598827,82
9348,76107286,23
4301,98291977,7
2622,53120204,9
5728,98630060,46
1835,94115761,25
5991,42123887,91
8877,62666635,96
3019,22413969,76
8848,73934648,93
2499,86787532,30
4132,65289819,95
7577,19163257,7
2072,63371234,81
9357,11156954,60
4334,47080964,39
9868,82604500,48
5838,58772878,50
9334,21992979,53
4058,15203669,89
6626,94520238,71
9266,53512942,26
7765,53569249,75
9360,68154904,23
2345,51994034,75
4473,81448178,5
5183,81054502,91
9221,33477637,99
3584,19805185,36
6405,30628931,51
9262,84998474,71
7423,30620023,39
1792,76910099,21
9582,49441526,25
6984,67054806,70
1964,33082570,40
3208,72839939,5
7294,95922105,99
5114,84393430,93
7709,48517629,79
5740,10648999,35
8942,72070717,38
8539,85179069,83
3799,85252767,12
6244,22741703,75
2802,93236068,72
9890,70710549,65
3852,15286620,89
6939,99245208,53
9111,14653762,75
8558,14776567,48
4140,45716815,73
5006,79995082,17
1917,74037847,74
2989,85812145,37
9368,57555911,33
7000,60267061,19
1713,45395943,24
6743,90276583,70
1886,92599926,79
4852,85562407,30
2426,11251195,64
7309,62859904,69
3360,40187931,17
7572,31761297,14
6420,40384165,16
6088,98682209,78
2392,92148184,27
3634,79628790,7
8156,18682245,30
9794,23517364,91
7490,96514884,95
2276,44348289,47
2090,54947313,79
3091,28001267,35
9357,64048582,9
9180,64196927,13
1932,33943917,38
3400,28228993,92
9187,15114362,52
6221,78048117,92
9815,34066892,54
5177,71715085,4
6626,35405479,21
2586,97828835,4
1683,97562024,77
6613,25937420,35
2272,38198077,15
7425,81846152,75
5398,84404700,73
2375,80756703,48
7313,12334765,32
3317,10307220,40
4145,93239564,40
5757,17211894,38
6620,16720513,87
1174,87872046,70
3945,29524371,73
5540,55952876,27
5517,56838018,14
1155,78198932,13
4746,52703849,63
6939,40381502,9
2960,82646259,57
2512,60238489,20
9599,12285582,86
8954,39291015,79
8713,25133932,93
4072,84002267,68
5902,74367326,54
8778,25826611,89
8355,65369707,88
7290,22530686,99
2346,76997748,2
7676,54117287,89
9948,74244410,28
4180,94910292,58
4006,61250791,73
6565,15326205,4
7177,13154490,64
6453,93191964,16
3994,38248861,19
8621,71884022,46
1460,83210736,1
1467,31632106,11
5108,89055872,10
4613,88628203,19
5594,81622027,39
3132,88622442,88
1653,71675966,78
6118,16585626,28
4422,73672638,53
6698,64398659,91
6538,95647013,14
4307,25117442,10
4209,12917959,94
2988,49155680,51
8392,31357237,90
1146,84876185,53
2437,81224666,69
9038,36598100,9
7657,53396109,52
7155,72750725,54
1574,68753040,12
2237,90475207,34
8571,53701886,53
8102,20429259,31
1785,52116265,72
6344,31154426,77
9570,59894975,94
3266,85707272,48
8796,56421579,98
7139,18545608,76
3541,49169208,6
3034,45945117,13
4810,24895413,55
6736,98264917,57
6795,88320425,82
6784,29586857,87
3552,55764749,68
2945,42017942,42
9454,29188764,13
3713,30022029,4
1745,61596605,86
7069,45291392,66
5489,23592995,75
6533,72530293,90
2310,99840199,41
1570,67912786,89
5322,13294348,41
4382,22401782,16
9790,90366047,17
6289,11212113,34
5983,48103710,70
3301,16702815,77
2341,87036150,39
7571,50472321,36
8521,76035196,80
7372,79644393,4
8913,14354805,24
2118,38658236,10
7956,13517161,17
1798,99198513,24
9062,43152386,47
8446,56110910,75
9893,38210804,98
4037,80139317,59
7064,98532412,19
3107,89881491,56
6905,60113209,69
8131,72542441,63
9022,37391299,44
4897,75478080,89
6945,89370522,41
3976,87252521,95
2907,12734887,94
3700,60721887,2
8745,45336641,72
7989,86358389,4
9608,89786650,77
1009,44160256,27
3580,99659955,94
8719,72067193,43
9988,66563284,9
2228,47087812,19
1908,92577916,36
3522,80506761,52
3174,88990460,15
4779,44126627,65
9369,54920578,8
2325,66805301,29
6963,84308695,88
1543,35754521,90
4844,18535075,2
7064,46328986,58
7514,42307890,51
7558,95342573,54
6983,49907962,32
2518,79574704,30
6622,86133704,80
8273,18169447,42
5369,43181660,65
9030,29063280,55
8154,70846899,72
9585,43275666,41
2285,55391725,15
2541,94199719,8
4069,37506057,22
6825,15171273,69
4355,37349785,63
4337,97780897,86
4774,31676054,65
8443,17693318,69
5291,76310142,35
1412,98819737,95
8844,78645858,6
4585,26208610,11
6881,74436797,92
2688,28068685,57
7883,27861537,10
7642,11887724,39
4201,67473883,2
2820,27873638,26
9232,57374761,96
7439,40232877,59
8170,76571998,95
3914,21985158,82
8083,67318760,42
6746,46385648,93
6284,25464558,28
7367,14109510,74
5789,31181661,58
