44816798,69.48,86.85
40778647,51.86,64.82
25838654,45.39,56.73
42853737,0.89,1.12
71741221,31.90,39.88
48634166,48.03,60.04
13327997,43.58,54.47
62877586,67.51,84.39
99181733,1.83,2.29
31800957,18.48,23.10
24884595,52.89,66.12
67234589,17.83,22.29
50791171,21.98,27.47
43741145,65.70,82.13
49339195,64.14,80.17
78024454,71.69,89.62
62277390,76.23,95.29
42622892,66.54,83.18
90766491,17.59,21.98
47457113,50.25,62.81
30155711,79.71,99.64
40869331,65.81,82.27
98261284,68.56,85.70
33105513,5.44,6.80
86512365,50.53,63.17
68674366,30.61,38.26
20159555,5.09,6.36
80839155,77.33,96.67
83887285,7.28,9.09
70418208,1.61,2.01
71269819,48.43,60.54
13364178,1.16,1.45
34018092,46.30,57.87
34569499,71.40,89.24
53862543,74.91,93.64
67245181,51.04,63.80
49299239,55.77,69.71
80933871,16.47,20.59
80920104,37.10,46.37
97908887,44.93,56.16
80779650,54.67,68.34
67732025,6.68,8.35
95947188,16.33,20.41
29327832,8.55,10.69
57502813,1.59,1.99
84924750,27.20,33.99
27343120,8.76,10.94
74753893,70.59,88.24
65640452,37.49,46.86
96071998,26.69,33.36
22421269,1.85,2.31
88086681,30.61,38.26
16548726,51.77,64.72
92947198,46.96,58.69
88089391,36.17,45.21
29315087,26.78,33.48
50276670,21.53,26.91
29502699,21.67,27.09
55831843,32.92,41.15
31149364,32.33,40.41
54130900,73.37,91.71
11582327,54.54,68.18
40491813,57.25,71.56
35511920,23.48,29.34
26015176,48.96,61.20
46408863,8.75,10.94
55258429,15.09,18.86
25110306,7.05,8.82
91221450,49.44,61.80
58040505,70.69,88.37
47846893,45.25,56.56
13332359,10.70,13.37
76559006,65.07,81.34
79696396,2.91,3.63
93403898,74.66,93.32
78277548,52.06,65.08
61531862,65.19,81.49
29684986,37.85,47.32
13472696,31.31,39.13
44178510,79.25,99.06
71784681,34.05,42.56
91657141,35.08,43.86
33064939,43.72,54.65
77325647,21.66,27.08
33736063,18.36,22.95
28770637,17.71,22.14
36212676,20.53,25.66
79390295,36.52,45.65
59836735,76.53,95.66
19848437,65.60,82.00
47019254,64.00,80.00
34943294,23.94,29.93
90458709,5.34,6.68
90719853,38.89,48.62
30817595,6.04,7.55
70207799,7.70,9.63
86901175,31.60,39.50
13947185,48.88,61.10
79903356,8.77,10.96
54308877,45.26,56.58
65865913,18.08,22.60
17166574,26.72,33.40
10305867,55.49,69.36
15404669,51.62,64.52
54237526,56.73,70.92
81120460,58.70,73.38
64574293,48.14,60.17
17777657,78.85,98.57
75305817,46.21,57.76
45203624,23.82,29.77
29761633,45.32,56.65
94366031,4.91,6.13
90527110,36.95,46.19
44845604,30.77,38.46
84756453,32.00,39.99
40423023,33.05,41.31
14013699,14.09,17.62
42286524,16.46,20.58
34336220,32.33,40.41
65181655,28.66,35.82
52445486,41.46,51.82
69016024,28.08,35.10
85785023,49.71,62.13
82545730,20.85,26.06
63950199,64.01,80.02
93755884,70.30,87.88
35456639,50.61,63.26
32818333,16.86,21.08
42775255,60.14,75.17
70761203,6.63,8.29
24239940,72.96,91.20
11431388,33.51,41.89
54009862,58.55,73.19
71774654,23.85,29.82
98466254,52.96,66.20
57612534,46.11,57.64
10387762,57.44,71.81
93129314,60.46,75.57
20240312,59.23,74.04
54173193,50.85,63.57
79697913,29.18,36.48
91339017,15.11,18.89
24384504,50.55,63.19
95847491,57.15,71.43
12796340,60.41,75.51
20893426,69.87,87.34
49610563,23.93,29.91
43149108,72.49,90.62
78152510,49.91,62.39
71011880,7.20,9.00
16484024,48.67,60.84
98828053,23.17,28.96
98452924,37.00,46.25
59316980,40.47,50.59
30910652,17.86,22.33
88694565,6.81,8.52
20315636,32.09,40.11
45594526,10.40,13.00
84389022,23.97,29.96
73987599,24.28,30.36
69716034,11.62,14.53
48312861,46.12,57.65
53147095,9.26,11.58
93014739,59.87,74.84
93552665,37.96,47.45
54151268,62.76,78.44
22998819,40.68,50.84
90910588,24.48,30.60
38554795,62.70,78.37
56063305,64.98,81.22
75532210,14.35,17.93
30541259,40.15,50.19
29806781,59.05,73.81
54917910,73.52,91.90
68923986,13.80,17.24
82182127,79.97,99.96
20195470,53.25,66.56
40751663,51.61,64.52
47813072,13.76,17.20
82670494,68.24,85.30
14064373,67.22,84.03
16895708,67.22,84.03
94755148,18.34,22.93
36676662,5.29,6.62
40943575,35.20,44.01
99071937,74.03,92.54
52749242,15.72,19.65
27246354,69.37,86.72
58292203,67.14,83.93
63752541,52.77,65.97
38887009,39.49,49.37
89381976,35.58,44.47
56235306,27.15,33.94
42576976,56.10,70.13
49942817,73.66,92.08
41563725,2.85,3.56
50749976,10.41,13.02
71079170,53.26,66.58
89858464,60.80,76.01
58346118,54.50,68.12
39385540,9.75,12.18
79573477,21.22,26.52
16069873,61.21,76.51
37619824,59.56,74.45
53561656,21.83,27.29
39555399,6.01,7.52
16966192,72.38,90.47
76261797,63.70,79.63
71612981,68.28,85.35
14334832,15.17,18.96
80412537,47.30,59.13
38826660,62.36,77.95
73048436,79.19,98.99
78304135,68.73,85.91
95840333,13.45,16.82
68932125,32.85,41.06
37609141,77.82,97.27
71951984,30.55,38.19
41937009,32.08,40.11
83387199,36.08,45.11
69394067,27.27,34.09
45620350,39.37,49.21
97151339,57.80,72.25
55497002,69.01,86.27
32443636,23.30,29.12
13670609,15.57,19.46
36448027,75.31,94.14
90937174,6.14,7.67
87049774,63.60,79.50
67668393,1.57,1.97
64262607,24.90,31.13
49678097,56.36,70.44
86302294,47.74,59.67
38581791,44.95,56.19
64612911,60.71,75.89
62566726,12.56,15.71
96497019,54.59,68.24
46948962,68.47,85.58
31832813,18.36,22.95
71306213,36.11,45.14
85524446,73.01,91.26
28862522,25.78,32.22
73761580,32.52,40.65
63256877,54.80,68.50
71450272,57.50,71.87
72245432,61.27,76.59
57636533,79.97,99.96
16488190,16.17,20.21
69930170,68.96,86.20
72049450,62.70,78.38
87630646,31.44,39.29
59224155,44.75,55.94
26957020,34.16,42.70
65232302,9.95,12.43
64930695,17.17,21.46
40577346,21.06,26.33
56977602,6.11,7.64
45822192,14.03,17.54
73015248,14.33,17.91
74306082,19.22,24.03
65307201,4.82,6.03
27732846,1.60,2.00
21832129,9.65,12.06
12486046,48.36,60.44
68427429,77.17,96.46
89447172,60.12,75.15
40546796,0.12,0.15
24848192,9.17,11.47
59430460,54.94,68.67
88803785,32.45,40.56
78520030,43.46,54.33
34978805,58.09,72.61
40315450,74.21,92.76
10988739,12.79,15.99
83772032,2.70,3.38
19743649,33.42,41.77
63923262,24.97,31.22
70701158,67.86,84.83
68059570,63.79,79.73
44281202,3.75,4.69
84062410,61.08,76.35
30077734,73.67,92.08
66930087,12.72,15.90
73307735,25.38,31.72
13741637,33.39,41.74
17413778,48.44,60.55
69112859,14.23,17.78
46750583,31.14,38.93
58763615,22.60,28.25
75719587,43.52,54.40
21307991,6.20,7.75
54087838,69.72,87.15
11527877,66.90,83.63
58510088,29.81,37.27
50530049,22.54,28.17
88991983,3.84,4.80
36660338,7.53,9.41
10817503,74.06,92.58
42415118,74.82,93.52
20689979,63.56,79.45
92786319,16.41,20.51
37409845,68.12,85.15
75582164,17.71,22.13
34400035,53.04,66.30
85354386,76.66,95.83
56640948,68.25,85.32
50705570,5.65,7.06
29913034,57.66,72.07
31514961,10.46,13.08
98003145,73.13,91.42
55585122,44.80,56.00
15213470,46.63,58.29
61986355,12.63,15.79
50875300,64.36,80.45
57371706,50.02,62.52
45538770,15.72,19.65
11144525,20.10,25.12
22448350,21.44,26.80
41026169,0.17,0.21
14080440,40.55,50.69
63834003,56.54,70.67
58141684,22.68,28.35
87299952,35.85,44.81
32742821,64.44,80.55
17339346,12.91,16.14
22477030,19.49,24.36
73459968,44.86,56.07
16432311,66.28,82.85
64344613,61.87,77.34
51003742,3.08,3.85
42712594,45.91,57.38
28716903,21.44,26.80
86509680,11.10,13.87
49774645,8.29,10.37
97839342,79.69,99.61
39515458,15.30,19.12
74134690,44.40,55.50
27268552,23.28,29.10
25540932,61.89,77.36
74980276,63.00,78.75
61585109,34.74,43.43
87588307,29.30,36.63
14543887,74.19,92.73
24254079,14.81,18.51
41097975,77.48,96.85
27699138,54.69,68.37
76599712,54.06,67.58
79112325,28.40,35.50
27543188,76.16,95.21
80479205,33.61,42.02
20886659,12.10,15.13
40758386,44.83,56.03
12499106,35.13,43.91
77892269,28.70,35.87
75465462,60.08,75.10
78093386,27.95,34.93
83530490,74.83,93.54
87006802,14.30,17.88
58039065,30.16,37.70
99169611,2.22,2.77
97320380,51.12,63.90
31791714,23.45,29.31
58872575,23.26,29.08
44956801,46.37,57.96
57482701,56.60,70.75
22499398,73.57,91.96
89216472,19.96,24.95
17040239,42.18,52.73
22893803,13.90,17.37
56519727,64.12,80.15
41644772,14.71,18.38
53849428,43.42,54.27
77898439,8.09,10.12
51919175,3.72,4.66
12436393,79.05,98.81
73410279,70.73,88.41
25625712,65.85,82.31
45744524,25.80,32.25
41590248,59.02,73.77
43803565,11.29,14.11
84435639,0.99,1.24
58129206,61.89,77.36
20697390,32.66,40.82
81543811,10.36,12.95
16661831,51.08,63.85
91471469,54.72,68.39
54029001,31.47,39.34
96262579,46.88,58.59
12099454,55.79,69.74
71206209,30.42,38.02
99377971,3.80,4.75
32027177,21.28,26.60
64875509,16.38,20.47
42648265,36.39,45.49
21011078,7.94,9.92
90624968,24.76,30.96
92261484,21.00,26.25
92333721,78.02,97.52
95876370,29.72,37.15
61489331,61.80,77.25
23087411,24.69,30.86
51004798,74.01,92.52
80814821,68.09,85.11
25699812,45.42,56.78
72441483,33.36,41.70
85057020,11.13,13.92
39043237,30.45,38.06
51192084,47.90,59.88
34923357,22.27,27.84
90703409,66.43,83.04
71881080,19.03,23.78
47351821,46.00,57.51
23578322,58.96,73.70
65599836,71.05,88.81
48397656,42.90,53.63
23233410,56.87,71.09
74275892,36.73,45.91
24997152,77.48,96.86
88676214,64.56,80.70
29542702,37.76,47.19
57685455,50.88,63.60
87665290,12.86,16.08
38338004,61.46,76.82
40000035,38.60,48.25
79332296,8.61,10.76
74962221,7.22,9.03
65673090,77.44,96.80
92300562,15.36,19.19
29505556,66.61,83.26
94912762,25.71,32.14
77020392,59.70,74.63
29618001,64.63,80.79
79615788,35.72,44.65
94000517,75.93,94.91
50401381,43.57,54.46
25985800,16.10,20.13
48339962,8.92,11.15
70222229,9.86,12.32
40159320,62.29,77.86
25991091,10.84,13.55
53759276,62.60,78.25
31390780,18.78,23.48
57985775,7.09,8.86
77654145,15.53,19.41
87063503,20.65,25.81
68460548,28.74,35.92
98242913,36.65,45.82
95445932,54.44,68.05
38002913,41.71,52.14
69228814,30.26,37.83
94241665,58.69,73.36
76321467,67.72,84.64
19266346,62.62,78.27
29851223,26.72,33.40
88003653,43.30,54.12
68146584,53.56,66.95
71447892,32.75,40.94
28933749,69.90,87.37
85261912,62.81,78.51
72676181,25.79,32.24
39156370,11.95,14.94
54398540,62.15,77.68
72194053,69.36,86.69
30151718,21.04,26.30
26675418,27.71,34.64
42582704,78.35,97.94
39048319,10.09,12.61
89310439,44.34,55.43
15623221,17.04,21.30
10529583,75.92,94.90
43429272,74.64,93.30
33510205,49.88,62.35
28014177,12.41,15.51
14090533,69.70,87.12
92997120,43.81,54.76
96785179,17.47,21.84
59323600,8.34,10.43
34891737,10.14,12.67
63637551,37.81,47.27
10646484,74.35,92.94
16186268,50.59,63.24
37889985,55.45,69.31
83929162,12.69,15.86
15936225,33.10,41.37
60648957,11.07,13.83
26461526,29.74,37.18
20292139,1.69,2.12
94584327,40.77,50.97
29871400,27.90,34.87
27862926,38.08,47.60
22623058,15.59,19.48
60637216,43.27,54.09
48152579,36.12,45.15
19479111,7.09,8.87
95279934,38.61,48.26
93431342,63.25,79.06
61972107,15.50,19.37
81686184,66.45,83.06
72834483,22.01,27.51
45811831,58.69,73.36
76939760,24.25,30.32
79835127,61.21,76.51
17379783,67.41,84.26
18625925,64.93,81.16
82034290,9.36,11.69
61894035,72.51,90.64
23360981,53.95,67.44
42591230,18.76,23.45
78894078,23.27,29.09
30413490,76.39,95.48
52238797,13.43,16.79
64626373,0.90,1.12
24898626,55.66,69.58
28799110,78.35,97.94
91141524,28.42,35.53
33299634,32.15,40.19
57156823,12.33,15.41
98091226,77.16,96.45
30328524,53.24,66.55
53275990,65.78,82.23
94684746,9.09,11.36
41947494,41.42,51.77
10170428,58.34,72.92
44984834,47.44,59.30
89227464,54.44,68.05
60652608,8.98,11.23
97125987,53.21,66.51
52381846,2.14,2.68
23068755,31.23,39.04
29109909,48.17,60.22
80651807,67.13,83.91
78924076,56.61,70.76
73637511,26.47,33.09
51086385,50.52,63.15
39900512,32.18,40.23
78836404,7.93,9.91
44760297,7.72,9.65
38370572,28.09,35.11
78886343,0.16,0.20
50200625,3.97,4.96
21789783,0.56,0.70
43666303,68.05,85.07
33562873,64.23,80.29
85778777,18.97,23.71
93137999,4.29,5.36
92536606,69.25,86.56
74184149,59.93,74.91
37087588,43.51,54.39
74399031,46.26,57.83
33672544,19.03,23.78
19548708,71.12,88.90
31113391,13.94,17.42
56383808,23.83,29.79
38736499,14.85,18.56
14831000,55.77,69.71
20039075,57.18,71.48
67714361,29.04,36.29
49432450,45.59,56.99
94348784,15.32,19.15
28565744,63.05,78.81
43857963,75.30,94.13
80212271,42.01,52.51
82723502,75.99,94.99
68682711,75.38,94.22
91617482,37.04,46.30
75848947,54.00,67.50
82013709,78.04,97.56
54207789,26.19,32.74
99426614,74.12,92.66
25323620,65.29,81.61
40874936,42.83,53.54
40619296,48.07,60.09
83733798,54.07,67.59
60986993,39.39,49.24
95940085,11.91,14.89
45191064,41.30,51.62
54009342,64.81,81.01
70312548,22.56,28.20
33179337,44.23,55.29
99311045,62.82,78.52
56771210,14.87,18.59
12009897,58.75,73.44
67052620,2.46,3.08
41514983,22.81,28.51
59385238,47.64,59.56
33399631,20.39,25.49
14374004,20.09,25.11
87604965,78.73,98.41
61185556,70.34,87.93
93461818,26.55,33.18
99221764,10.97,13.71
72186650,21.31,26.64
71129685,72.61,90.76
74507917,6.69,8.36
12753262,19.89,24.87
27468101,58.08,72.60
76399536,36.76,45.95
62723433,56.31,70.39
61322119,70.96,88.71
94566881,23.41,29.26
50582433,77.66,97.08
75233681,9.51,11.88
56976183,60.80,75.99
63724699,60.53,75.66
39348459,73.97,92.47
32502351,26.11,32.63
27143719,8.75,10.93
86644890,26.10,32.62
53565085,0.67,0.83
94042621,58.92,73.65
49925022,63.63,79.54
21578726,28.69,35.86
14685766,41.53,51.92
65757621,22.60,28.25
29425953,7.01,8.76
94873181,23.17,28.96
37319163,79.98,99.97
24406622,71.35,89.19
36199641,75.90,94.87
16712122,58.47,73.08
96202222,71.57,89.47
17158344,72.79,90.99
93210531,52.34,65.43
61767417,37.49,46.86
62499933,21.95,27.43
64051459,44.93,56.17
89486526,6.51,8.13
42893435,12.44,15.55
91023904,58.63,73.28
84831709,44.41,55.52
86754626,66.15,82.69
37457871,45.25,56.56
36340441,47.26,59.07
56397446,38.30,47.88
88550990,19.79,24.74
83335808,48.05,60.06
15436753,39.59,49.49
37188962,49.72,62.15
41558643,70.01,87.51
81973081,25.73,32.17
38357717,78.01,97.51
29408882,37.02,46.27
56577303,55.19,68.98
95859972,77.42,96.77
63488454,71.90,89.87
65592483,61.17,76.46
39127009,27.48,34.35
61283154,78.31,97.89
38457396,1.32,1.65
74844380,0.76,0.95
25380781,61.16,76.44
30971073,47.07,58.83
51736694,28.85,36.06
40779414,7.80,9.76
22999929,5.02,6.27
82155585,8.08,10.10
23079592,62.85,78.56
16822801,0.50,0.62
41812995,29.73,37.16
63597057,44.58,55.73
91543176,68.99,86.24
26746715,20.12,25.15
67379636,20.79,25.99
42366727,33.75,42.18
17714976,35.11,43.89
53864958,4.73,5.92
84621754,23.11,28.89
64240033,35.74,44.67
61189988,74.82,93.53
95562206,62.75,78.44
10252175,46.58,58.22
70925775,69.62,87.02
83812281,35.39,44.24
93782949,48.27,60.34
43777808,57.44,71.80
58852223,31.33,39.17
69147881,1.85,2.32
29374562,42.09,52.61
20044274,36.28,45.35
18601250,53.76,67.20
62718830,45.75,57.19
90154009,28.64,35.80
43037732,30.53,38.16
28256883,6.03,7.54
83784476,61.45,76.82
76857113,60.87,76.08
31185214,52.90,66.13
85807243,45.15,56.44
65334908,33.52,41.90
53763699,79.58,99.48
68922180,67.11,83.89
17351366,8.07,10.08
94890045,40.30,50.37
14040585,59.88,74.85
21615938,76.36,95.45
78124897,51.96,64.95
38532266,10.02,12.52
91990523,38.73,48.41
48258403,79.97,99.96
71360409,13.52,16.90
34538102,53.42,66.77
98269296,45.08,56.35
27326748,6.43,8.04
36258221,5.01,6.26
82420050,13.91,17.39
21485966,56.61,70.76
77183235,0.69,0.86
25622526,60.93,76.16
47471717,8.34,10.42
31713913,24.53,30.67
45189703,64.28,80.34
16500088,18.21,22.76
76047708,9.27,11.58
50198730,40.32,50.40
41311787,9.69,12.11
10744906,71.92,89.89
58809880,25.75,32.19
56419552,0.26,0.33
69416355,64.78,80.97
89223901,14.03,17.53
46023708,77.09,96.36
55578392,53.19,66.49
19738089,12.45,15.56
33352074,40.58,50.73
65026874,8.70,10.87
61543898,66.58,83.22
55949376,78.90,98.63
39714652,60.15,75.19
71584793,50.63,63.28
60227204,36.15,45.19
43411209,62.07,77.59
81783377,53.36,66.70
74148894,26.02,32.52
53616523,9.58,11.98
63959494,42.13,52.66
61288098,0.87,1.09
11831322,79.07,98.84
49514542,22.41,28.01
81660044,33.45,41.82
51918084,40.73,50.91
87802462,22.45,28.07
40777096,0.47,0.58
73487483,6.37,7.97
17690436,18.80,23.50
73095147,13.22,16.52
36772559,61.57,76.96
75174252,12.78,15.98
20452922,4.39,5.49
55450338,37.86,47.32
25261807,75.51,94.39
91068685,26.13,32.66
33192411,36.74,45.93
62183147,77.48,96.85
80956530,73.32,91.65
74974660,42.94,53.68
69545688,39.89,49.86
97890248,52.85,66.06
72647631,19.91,24.89
99809971,78.26,97.82
53002665,78.79,98.49
18129271,53.86,67.33
17014339,7.81,9.76
62376456,37.61,47.02
89874425,78.58,98.22
49265109,77.61,97.01
24863426,5.90,7.37
43040471,48.88,61.10
13264856,38.63,48.29
72298881,49.71,62.14
51891496,34.30,42.88
26870490,42.59,53.24
30192545,12.17,15.21
36233984,74.53,93.16
98050136,76.47,95.59
42227032,36.14,45.18
41946424,69.59,86.99
96579422,23.76,29.70
67865325,40.90,51.13
39832632,55.91,69.89
80374580,37.99,47.49
42330356,32.17,40.21
84948352,59.94,74.92
29624167,64.36,80.45
67843493,23.07,28.84
67417033,1.13,1.41
17103219,70.25,87.81
60739145,70.86,88.58
41575302,71.23,89.03
28826389,55.10,68.87
52726017,48.13,60.16
21452555,28.54,35.67
94103087,51.70,64.62
11586797,29.54,36.92
65278448,25.19,31.49
19896281,25.57,31.96
60394768,29.08,36.35
34106619,43.11,53.88
94806487,60.70,75.88
60967243,40.98,51.23
36472758,48.18,60.23
19585214,72.02,90.02
74006922,63.80,79.75
98112846,73.08,91.36
77208073,22.54,28.17
66309685,73.98,92.47
79006753,9.95,12.43
36347679,36.14,45.18
11398546,8.15,10.19
77480633,62.94,78.68
54099901,65.35,81.69
74019082,18.43,23.03
44466781,65.42,81.78
47632932,77.54,96.93
49368405,50.76,63.45
93261169,4.40,5.49
38823846,31.50,39.38
20478850,42.84,53.55
62341538,68.70,85.88
81540212,51.62,64.52
15073020,72.18,90.22
90692650,27.49,34.36
67893995,23.50,29.38
65245380,58.63,73.28
60861155,42.64,53.30
57952584,59.32,74.16
30957290,47.99,59.99
34298381,40.31,50.39
96593610,4.34,5.43
67851435,1.41,1.76
79382133,68.53,85.67
46329928,18.28,22.85
15544967,34.07,42.59
17489457,57.59,71.99
73622885,47.36,59.20
52621626,33.26,41.58
85196884,4.97,6.21
24411194,58.91,73.64
65797156,51.86,64.82
19422919,9.00,11.25
84746711,14.23,17.79
27634286,42.67,53.33
94619115,44.32,55.40
63262644,19.35,24.19
74696194,43.90,54.87
16857601,58.95,73.68
73401996,12.43,15.54
80456986,61.40,76.75
33465455,74.39,92.98
11149588,59.08,73.85
40703854,77.50,96.87
14832005,42.50,53.12
92631013,5.40,6.75
66329779,22.88,28.60
80599672,44.24,55.31
25021013,55.83,69.79
73802049,70.01,87.51
33237451,27.88,34.86
38137713,12.69,15.86
85149275,39.44,49.30
10473467,27.93,34.91
54266353,72.15,90.19
31238322,18.71,23.39
97125413,21.20,26.50
45010960,44.21,55.27
56878441,45.00,56.25
99347987,57.73,72.17
90326676,9.04,11.30
35716705,6.95,8.69
27335969,61.54,76.93
80706681,10.29,12.86
79403329,46.04,57.55
24166376,44.43,55.53
94958546,78.21,97.76
70837376,71.78,89.73
64532457,36.68,45.85
57328543,3.41,4.26
67525889,11.11,13.89
29745225,49.04,61.30
80676127,67.95,84.93
40730948,28.00,35.01
53019004,35.12,43.90
68114564,13.22,16.52
95441094,70.23,87.79
96971594,0.31,0.39
41957959,40.31,50.38
82331466,75.47,94.33
76382074,67.43,84.29
62072923,4.60,5.75
54610647,58.65,73.32
62390898,50.83,63.53
87182520,78.63,98.29
84735371,35.19,43.98
15777518,15.67,19.58
72073445,63.83,79.78
94393997,15.23,19.04
64988998,27.01,33.77
11778081,29.94,37.42
34493630,46.05,57.56
36611816,49.58,61.97
54846740,36.30,45.37
57375645,4.56,5.70
35873494,28.20,35.25
39405447,24.81,31.01
50468726,37.24,46.55
35660551,15.37,19.22
76152923,79.90,99.88
78894535,46.46,58.08
58868776,55.60,69.50
22399775,57.02,71.27
53351134,69.07,86.33
67381113,19.27,24.09
43578451,70.97,88.72
40497995,10.55,13.19
96029994,63.12,78.90
78997044,20.42,25.52
25248989,79.19,98.99
47202962,17.59,21.99
79168494,30.13,37.66
46695820,61.20,76.50
88888185,66.11,82.64
30187034,45.80,57.25
37335112,58.00,72.50
57056161,27.36,34.20
38029638,28.92,36.15
36575880,20.99,26.23
80730932,49.13,61.41
31729020,71.97,89.96
98829811,46.49,58.11
71252263,61.13,76.42
16583053,44.51,55.64
96886603,38.27,47.83
90867595,21.16,26.45
19954036,4.01,5.01
34083786,14.00,17.50
57864842,38.22,47.78
17454431,37.36,46.70
76716317,17.87,22.34
44606897,24.74,30.93
35147329,19.06,23.83
34478605,60.57,75.71
67409020,14.25,17.81
99081617,27.73,34.66
70783419,16.90,21.13
68814107,79.93,99.91
36688822,74.32,92.90
69460870,47.52,59.40
32171049,42.62,53.28
82169963,20.52,25.65
92376273,5.20,6.51
62478966,28.59,35.73
33690062,47.99,59.99
88224664,79.49,99.37
99261929,4.70,5.87
13525891,44.27,55.34
31631989,32.81,41.01
35613979,9.67,12.09
95069979,49.56,61.95
99918937,59.78,74.72
44353492,26.91,33.64
33919873,30.69,38.37
22324929,58.18,72.72
52345500,46.41,58.02
90854160,21.15,26.43
55514103,26.58,33.23
84540795,38.70,48.38
16587932,49.23,61.54
86581374,56.80,71.00
51826397,14.89,18.62
56589514,1.87,2.33
44478467,16.98,21.23
53677705,64.73,80.91
16070876,38.88,48.60
39283728,68.34,85.42
17348411,71.47,89.34
48806435,26.89,33.62
15254561,35.92,44.90
58396108,27.72,34.65
62670486,21.45,26.81
50039088,44.72,55.90
40956992,58.83,73.53
99672559,28.30,35.38
78029492,25.94,32.43
20212841,53.69,67.12
80041781,23.79,29.74
76476344,11.74,14.67
54881969,66.81,83.51
20135107,52.88,66.10
94043066,18.18,22.73
87642422,30.03,37.54
53153492,58.09,72.61
88040140,62.79,78.49
98940828,44.87,56.08
60274257,31.89,39.86
40046581,59.28,74.10
61138278,65.62,82.02
44979360,7.23,9.03
44837896,22.38,27.97
36165122,61.78,77.22
69397878,72.60,90.75
42731898,17.60,22.00
12662342,4.44,5.55
80880814,70.94,88.67
30150883,36.90,46.13
53120769,16.92,21.15
98604416,67.37,84.21
45929000,52.09,65.12
10186153,58.96,73.70
86385060,71.99,89.99
11127882,17.21,21.52
64045095,14.44,18.05
73127008,63.33,79.16
60514712,8.06,10.07
66489946,66.58,83.22
16480556,2.94,3.68
86568558,72.14,90.18
17701535,0.67,0.83
50028399,64.64,80.80
95634424,41.36,51.70
68127585,1.22,1.52
67136380,57.20,71.50
25564420,16.47,20.58
55022702,68.70,85.88
75633783,25.99,32.48
60511906,65.36,81.70
57323449,17.02,21.28
54549841,48.27,60.34
69850036,5.76,7.21
43645612,56.20,70.26
34848131,6.29,7.86
26615417,64.54,80.68
80673998,40.17,50.21
74216859,26.05,32.57
54337826,50.83,63.53
80989460,36.69,45.86
49286599,61.98,77.48
32158600,34.08,42.60
36470821,67.06,83.82
82555736,14.02,17.52
51072375,73.03,91.29
27797694,7.74,9.67
98599880,36.44,45.55
60562817,14.38,17.98
39646716,6.46,8.08
83059183,18.30,22.87
59481350,0.73,0.91
36780292,60.08,75.10
97845725,69.27,86.59
36827331,9.86,12.33
36284377,77.88,97.35
33240187,55.15,68.94
92222144,12.81,16.01
30397592,47.87,59.84
37303307,43.00,53.76
87966454,58.20,72.76
69252757,23.54,29.43
93289068,22.28,27.85
45731276,75.79,94.73
15840958,69.65,87.06
46492877,64.87,81.08
52291964,33.93,42.42
40171700,51.16,63.95
73625033,50.25,62.82
14152602,76.17,95.21
41009355,70.34,87.93
36351270,42.80,53.50
51414111,60.97,76.22
29117170,10.19,12.73
34416722,47.73,59.66
49358163,65.64,82.06
69769000,57.05,71.31
62854245,2.70,3.38
80455882,74.92,93.66
68176906,14.73,18.41
73958639,1.02,1.27
49278362,79.94,99.93
21669964,41.00,51.25
34286003,53.76,67.20
12819674,20.20,25.25
10401378,45.14,56.43
52718668,14.04,17.54
88424057,21.87,27.34
39582108,7.06,8.82
96458572,41.54,51.92
34220712,78.92,98.65
33231228,16.75,20.94
11284493,49.44,61.80
15083103,53.00,66.26
33614865,58.35,72.94
49059382,53.73,67.17
10531797,8.22,10.28
35834676,72.32,90.40
55318167,5.69,7.11
28475323,25.40,31.75
25981512,1.22,1.52
15170704,42.07,52.59
73287120,50.82,63.52
90951685,23.32,29.15
93969313,55.66,69.57
41015820,55.99,69.99
15814997,0.25,0.32
88768007,9.24,11.55
10062598,29.02,36.27
67767810,6.09,7.61
25119243,22.63,28.29
92577298,77.03,96.29
23454675,12.59,15.74
87206105,61.63,77.03
29052600,14.70,18.38
87180948,43.22,54.03
47811480,32.51,40.64
89524136,7.48,9.36
29151714,20.55,25.69
23374786,1.38,1.73
51918552,4.64,5.80
48992213,69.97,87.46
54582132,60.31,75.38
91720040,78.96,98.70
11082107,54.29,67.86
24455658,6.07,7.59
50327628,47.69,59.61
84298103,59.99,74.98
55225649,59.31,74.14
35185189,29.32,36.65
94129679,55.90,69.87
42364405,55.69,69.61
94078167,61.90,77.38
28004994,10.83,13.54
58383220,5.01,6.27
74730779,37.60,47.01
23181526,13.35,16.69
23030067,55.50,69.38
35946109,16.10,20.13
10935464,15.81,19.76
30557954,22.54,28.17
46953952,19.47,24.34
44976941,49.76,62.20
78906879,29.24,36.55
70269161,42.49,53.11
91657584,40.26,50.32
96729753,68.19,85.23
69645016,19.39,24.24
12307441,46.09,57.62
55780633,26.18,32.72
58430511,55.14,68.93
88156489,62.07,77.59
55327422,44.99,56.24
68275948,7.26,9.07
93885817,39.38,49.22
86665663,7.05,8.81
43513360,54.93,68.66
99695729,31.72,39.65
64335042,67.42,84.27
39551271,43.31,54.13
26609152,2.06,2.57
53878002,22.18,27.72
86257193,35.76,44.70
65036540,7.70,9.62
26365001,32.84,41.05
81882075,52.04,65.05
49050403,24.96,31.21
57269016,1.77,2.21
34739353,39.35,49.18
12864354,44.56,55.70
30786904,10.75,13.44
19152656,16.96,21.20
63873130,74.34,92.92
43399049,0.04,0.05
83209750,64.73,80.91
18646887,72.11,90.14
40675835,16.68,20.86
33327935,18.90,23.63
18710740,64.96,81.20
28512289,25.09,31.36
28837556,6.82,8.52
52795033,36.36,45.45
91094452,13.74,17.18
32174822,55.33,69.16
22099072,70.88,88.61
56478912,47.03,58.79
78391325,15.62,19.52
11548472,69.55,86.94
67058624,72.02,90.03
45126779,72.82,91.02
38830201,24.06,30.08
41115608,20.55,25.69
26170065,51.67,64.59
24112449,23.53,29.41
62272436,39.07,48.83
18814354,52.34,65.43
52982883,37.06,46.32
92729561,12.34,15.43
15443551,70.07,87.59
78054513,30.94,38.68
94484839,12.58,15.72
66860667,20.16,25.20
51259615,64.31,80.38
80054733,78.86,98.58
43313635,49.85,62.31
66966293,16.53,20.66
37984905,36.80,46.01
90999083,2.03,2.53
44038862,77.72,97.16
59617890,28.93,36.16
74822346,64.81,81.02
85130294,8.76,10.95
87910363,37.55,46.94
27947510,37.66,47.08
24037629,26.46,33.07
72647123,62.82,78.53
60070701,7.64,9.55
39432408,32.75,40.93
23422990,69.05,86.31
51064730,66.98,83.73
11335934,72.14,90.18
31742438,44.39,55.49
25390274,6.09,7.62
36614916,49.35,61.68
78279814,30.21,37.76
47920883,49.54,61.93
82215483,66.07,82.59
69833022,11.28,14.10
13845182,73.20,91.50
13009429,78.91,98.64
95089800,14.56,18.20
20389448,10.07,12.58
41180911,32.20,40.26
74944176,61.17,76.46
46332601,68.13,85.16
88287471,14.00,17.50
94991534,14.45,18.07
94770822,70.74,88.43
27865169,49.16,61.45
92980739,18.54,23.17
80498724,40.94,51.18
41939036,2.27,2.84
46583807,15.43,19.29
34685606,72.56,90.70
80300177,45.15,56.44
88659853,39.92,49.90
31758865,73.18,91.48
54346966,17.41,21.76
74155724,12.50,15.63
83786684,61.76,77.19
29592293,14.96,18.70
37345527,17.40,21.75
97902521,41.70,52.13
47430598,70.35,87.94
84876967,71.27,89.09
55080620,45.54,56.93
85389950,72.28,90.35
46411116,2.06,2.57
51409128,53.08,66.36
21399748,26.64,33.30
41289308,74.30,92.88
16689749,20.56,25.70
75727112,51.66,64.57
96020459,33.97,42.46
72035484,51.76,64.71
79910510,55.56,69.46
53255032,22.58,28.22
80094978,38.43,48.04
36152882,33.13,41.41
92751781,21.54,26.93
93178167,68.94,86.18
41563275,68.84,86.04
10412097,30.16,37.70
71202663,15.49,19.36
51583341,11.10,13.87
15454742,8.10,10.12
49632133,12.80,16.00
61411198,10.44,13.05
95412779,53.50,66.87
77749072,64.23,80.28
81015913,34.24,42.81
95631118,40.37,50.47
32591411,77.56,96.94
36689341,0.19,0.24
40484572,79.54,99.42
13081536,30.53,38.16
43990531,41.91,52.39
78482656,1.15,1.43
18920110,13.30,16.62
23553038,67.81,84.76
27253822,43.46,54.32
21596704,12.42,15.53
45926897,31.52,39.40
58812994,65.46,81.83
56355655,38.48,48.10
34488036,43.75,54.69
94169254,25.18,31.47
40353066,9.62,12.02
43068552,23.48,29.35
25599194,12.13,15.17
65028707,47.97,59.96
57944468,18.69,23.36
16194638,27.82,34.78
44840950,31.90,39.88
28357104,55.31,69.13
51148782,64.12,80.15
48880823,50.98,63.73
53870974,59.21,74.02
85228026,8.10,10.13
18772653,64.92,81.15
55228767,45.51,56.89
33323293,59.90,74.88
74490710,41.15,51.44
23470097,8.31,10.38
37833330,15.27,19.08
96153099,68.73,85.91
62048376,65.02,81.27
94879508,41.03,51.29
90098234,64.10,80.12
17500797,12.74,15.93
30025328,64.34,80.42
40847626,57.58,71.97
91606195,15.21,19.01
55180440,13.59,16.98
92401857,42.85,53.56
57157122,75.63,94.53
53127718,15.44,19.31
92982416,25.97,32.46
94502122,19.40,24.25
74445298,60.57,75.71
91432469,64.92,81.15
65013756,18.40,23.01
79128482,67.22,84.03
51322176,18.26,22.82
49656711,1.93,2.41
42833112,28.72,35.91
31097352,45.61,57.02
81327558,62.88,78.60
33194459,26.72,33.41
40200401,58.70,73.38
51117536,13.84,17.30
51249544,71.65,89.57
57171621,60.25,75.32
19542525,38.88,48.60
85187566,54.15,67.69
78910577,77.27,96.59
73678933,31.41,39.27
41399676,56.02,70.02
90517702,60.39,75.49
17207324,53.67,67.09
55026340,38.14,47.67
82734223,77.01,96.27
88783686,28.47,35.59
48240693,21.11,26.38
24599795,4.26,5.32
28863712,33.10,41.37
90626032,22.13,27.66
40712049,60.66,75.82
60882502,19.60,24.50
67252376,52.28,65.35
82271209,2.52,3.15
78676816,53.85,67.31
59391919,22.09,27.61
89556297,31.98,39.97
85222532,32.34,40.43
32420283,45.27,56.59
26326032,7.68,9.60
50585002,70.23,87.78
44069887,71.94,89.92
34051416,13.98,17.47
26824499,41.28,51.61
13918972,6.35,7.94
62518599,26.17,32.71
47210640,1.88,2.35
36039902,43.93,54.92
54820931,40.98,51.22
65134141,44.32,55.40
94859146,60.91,76.14
88059217,49.01,61.26
44323474,61.97,77.46
19063322,0.76,0.95
50624207,3.04,3.80
60230902,7.71,9.64
60172413,59.47,74.34
22657882,15.85,19.82
85079322,5.70,7.12
47159246,57.97,72.46
30901483,30.13,37.66
23164274,53.08,66.35
16770080,76.83,96.04
59599739,75.31,94.14
72933802,8.70,10.88
76821690,77.84,97.30
13604789,65.43,81.79
46292307,50.76,63.45
76386390,24.21,30.26
95889915,76.54,95.68
72223621,12.13,15.17
40901176,14.81,18.51
40582892,1.50,1.88
39390358,67.95,84.94
92838902,49.45,61.81
66796631,52.14,65.17
94752477,36.82,46.03
42094971,25.40,31.75
27102031,64.56,80.70
85705139,6.53,8.16
90370456,63.41,79.27
16398042,62.32,77.90
48729767,39.02,48.77
52276068,45.12,56.40
46582056,59.25,74.06
97091365,66.66,83.33
38143408,47.41,59.27
85556423,14.07,17.59
80936191,38.97,48.72
64581295,62.00,77.50
83304557,76.40,95.50
96591230,42.46,53.08
72052153,3.45,4.31
37115369,8.57,10.71
21454812,35.69,44.62
84896663,21.04,26.30
40896875,68.90,86.13
56360883,27.03,33.79
68563735,14.39,17.98
98263779,19.48,24.35
38827738,0.37,0.46
51651704,56.87,71.09
13498320,16.43,20.54
92661107,43.53,54.41
32517910,25.12,31.41
34286820,31.64,39.56
16708438,52.98,66.23
33203489,53.91,67.38
46470359,53.33,66.67
10358177,53.51,66.89
23339890,22.62,28.27
50484427,30.25,37.81
98943102,76.91,96.14
97615559,12.84,16.05
51314126,42.17,52.71
47636607,56.36,70.44
13264157,72.50,90.62
36463465,29.78,37.23
51214802,19.39,24.24
35063583,12.76,15.95
24932049,42.08,52.60
88068153,41.00,51.25
99816088,9.17,11.46
96570097,30.82,38.53
86055954,2.24,2.80
29383167,56.50,70.62
55369470,45.39,56.73
56407404,48.38,60.48
68434233,23.12,28.90
50127980,33.04,41.30
14498886,52.06,65.08
53926929,58.26,72.83
57389356,49.10,61.37
56728459,20.78,25.98
80654864,28.72,35.91
68921283,33.31,41.63
64951023,2.08,2.60
60053950,70.31,87.88
79177481,51.60,64.51
49978231,38.98,48.73
87975884,19.59,24.49
26086420,63.98,79.97
92766578,47.90,59.88
91975097,10.03,12.53
34403751,51.93,64.92
41837407,14.76,18.45
93571605,0.19,0.24
68226880,66.03,82.54
14823678,20.88,26.09
63555164,57.95,72.43
91857485,54.46,68.08
57774814,71.09,88.87
62023685,11.80,14.75
92881515,67.09,83.86
84626261,62.91,78.64
28716126,15.62,19.53
31965741,31.67,39.59
74153227,69.38,86.73
26500507,64.51,80.64
75775403,49.10,61.37
35304308,31.97,39.96
77812668,42.78,53.48
64896870,64.80,81.00
54309122,78.42,98.02
82289304,56.58,70.73
19739775,53.32,66.65
72688586,19.00,23.75
46612092,36.95,46.19
36505372,54.31,67.88
92918331,41.12,51.39
63364514,28.12,35.16
58124058,18.43,23.04
32323949,25.01,31.27
31927395,15.35,19.19
95077638,34.48,43.10
92757604,38.52,48.15
76086376,64.15,80.19
16962694,61.38,76.72
83958488,77.97,97.47
26071878,72.07,90.09
31885366,45.44,56.80
77598980,44.16,55.20
57831946,40.01,50.02
65853282,11.89,14.86
54532033,52.35,65.44
33671485,30.11,37.64
52572980,47.46,59.33
70002433,9.92,12.40
78347278,5.73,7.16
58377632,30.43,38.04
81397951,64.78,80.98
10230469,62.65,78.31
80167380,43.85,54.82
52389130,54.41,68.02
38092227,63.64,79.56
85575064,0.53,0.67
48520946,34.05,42.56
68999534,63.02,78.78
55340239,8.97,11.21
66213772,21.08,26.35
30814439,42.86,53.57
12136191,72.25,90.31
50127679,14.94,18.67
30855640,19.18,23.97
80547153,15.29,19.11
70832680,53.48,66.84
76895707,31.26,39.07
76842552,63.65,79.56
91665761,10.24,12.81
65764225,62.70,78.37
40653783,44.33,55.42
33243696,9.30,11.63
39164226,25.07,31.34
98452597,28.86,36.08
32426301,5.14,6.42
68396647,43.48,54.35
43453190,36.50,45.62
69809055,42.49,53.12
11235739,75.95,94.94
11240610,25.72,32.15
53958659,52.34,65.43
60806013,69.53,86.91
95334949,49.82,62.27
45389702,36.47,45.59
89650530,66.18,82.73
59418627,63.35,79.19
76599899,36.81,46.02
74816856,52.80,65.99
57582468,56.52,70.65
94733266,60.38,75.47
20386335,17.29,21.62
72305502,63.11,78.88
70537306,37.35,46.69
60914930,66.00,82.50
16333012,15.64,19.55
59721646,67.09,83.86
75646579,73.52,91.90
42464291,75.02,93.78
44487128,67.09,83.86
77975888,64.92,81.15
73902924,50.25,62.81
61405606,17.74,22.17
51128212,51.11,63.89
45930972,61.15,76.44
82878050,1.42,1.78
39732271,37.20,46.50
32885561,50.15,62.69
96269563,69.98,87.48
80227688,13.14,16.43
41018775,32.95,41.19
91912937,51.69,64.61
96391212,75.43,94.29
72756004,32.20,40.25
99298426,31.72,39.64
40673055,14.92,18.65
65191287,22.53,28.16
25716733,42.87,53.58
38705659,50.21,62.76
67249101,40.87,51.09
16901750,75.06,93.83
89447777,66.07,82.59
48527733,33.63,42.04
82529785,22.74,28.43
96063944,34.98,43.73
96891517,73.15,91.44
70394622,71.15,88.94
59556571,60.75,75.94
14892760,38.75,48.44
86391862,33.43,41.79
61090434,25.40,31.75
49488947,34.68,43.35
26080072,69.80,87.25
51009640,64.30,80.38
83824732,6.04,7.54
66769891,66.81,83.51
81735657,14.58,18.22
18788954,59.07,73.84
67515252,11.01,13.77
81843277,63.30,79.13
56593217,68.46,85.58
98578914,77.93,97.41
68274861,18.95,23.69
16126574,72.62,90.78
95294290,57.76,72.21
61088598,49.94,62.42
40283960,54.18,67.73
44699286,12.23,15.29
92306271,13.19,16.49
77678419,26.62,33.28
65098043,1.26,1.57
76962944,3.64,4.55
20658625,48.61,60.76
74961926,72.38,90.48
82627224,21.53,26.92
20338346,27.08,33.85
65374534,60.35,75.43
26139257,27.11,33.88
16520249,11.44,14.31
65000878,8.09,10.11
77275168,16.85,21.06
46933637,11.53,14.41
76576642,23.01,28.77
31772348,27.06,33.83
16383588,33.12,41.40
90677259,64.12,80.15
75060401,40.38,50.47
45443387,14.55,18.19
29308229,65.53,81.91
37788026,62.45,78.06
26311661,23.95,29.94
44785198,56.85,71.06
62900484,6.84,8.55
26078305,4.25,5.31
20398109,59.08,73.85
92146529,7.42,9.28
39542030,56.88,71.09
39189203,47.40,59.25
47388790,50.34,62.93
71560669,22.98,28.72
91098179,21.56,26.94
99301495,69.28,86.60
29996355,34.13,42.66
29642181,22.85,28.56
42546505,8.59,10.74
78184676,10.29,12.86
42032167,19.39,24.24
96742241,9.91,12.39
83124660,68.88,86.10
25198518,61.16,76.45
38663805,47.70,59.62
65090086,76.67,95.83
98030379,5.21,6.52
90616545,33.20,41.50
18683250,2.53,3.16
82715518,59.75,74.68
97158212,71.90,89.87
75189091,34.34,42.92
58290353,43.93,54.92
89773975,55.30,69.13
57929778,47.31,59.14
35272490,16.10,20.13
51073558,6.19,7.73
11422082,63.10,78.87
39403743,53.88,67.35
78467078,27.24,34.05
96136793,14.91,18.64
70633244,27.54,34.43
92786051,9.68,12.10
51599164,34.45,43.07
41938875,53.75,67.19
75747784,21.43,26.79
33014030,49.89,62.36
43178685,21.75,27.19
55807805,28.97,36.22
68413822,3.73,4.67
28304936,23.98,29.97
65299756,12.70,15.88
78748070,59.88,74.85
16163765,58.30,72.88
76311959,40.02,50.03
27438138,2.66,3.33
76661421,20.30,25.37
76403988,67.46,84.33
86604752,28.41,35.52
34163825,40.10,50.13
23745135,58.91,73.64
64739501,24.87,31.08
13140093,46.38,57.97
78082864,55.56,69.45
91452978,32.18,40.23
67693531,2.71,3.39
36476291,30.39,37.99
46819759,40.67,50.84
38641556,44.74,55.93
51717821,34.41,43.02
35569232,1.93,2.42
76908908,30.68,38.35
97975470,77.80,97.25
60686181,38.89,48.62
28680700,8.04,10.05
97451530,3.75,4.69
75161289,12.99,16.23
89758168,38.45,48.06
70174111,44.08,55.10
28790608,0.73,0.92
61059341,9.50,11.88
62436170,73.00,91.26
25770965,22.12,27.64
67116903,41.17,51.46
94445568,39.93,49.91
70923722,58.90,73.62
77211093,59.93,74.91
58909930,68.99,86.23
21995677,74.60,93.26
86235696,42.22,52.77
86531985,39.44,49.31
60590936,51.02,63.78
63374641,45.17,56.46
99365513,61.58,76.97
60926761,22.90,28.62
99915635,22.50,28.13
31977962,1.18,1.47
64036596,17.17,21.47
10585671,73.89,92.37
46838315,68.40,85.50
78862252,4.83,6.04
64095981,74.41,93.01
88267221,4.68,5.85
63291147,53.78,67.22
20422381,9.87,12.34
52471687,35.06,43.82
31538715,11.48,14.35
81041149,76.98,96.23
19551192,5.22,6.53
49117091,11.40,14.25
85094085,16.28,20.35
46392789,28.50,35.62
75390561,20.96,26.20
91006588,39.71,49.63
83935886,60.76,75.95
88896779,18.52,23.15
65835093,59.56,74.46
36443613,34.13,42.66
69854685,29.61,37.01
63677249,29.38,36.72
78593345,53.53,66.92
32737195,47.55,59.43
80416712,74.05,92.56
15577005,50.13,62.66
89616336,13.11,16.39
92097237,36.92,46.15
44306890,47.38,59.22
36152100,54.83,68.53
15909524,48.26,60.32
43802218,20.58,25.72
70837284,79.01,98.76
36367790,26.59,33.23
88914931,26.71,33.38
60878135,18.71,23.39
61171670,44.80,56.00
97541206,66.69,83.36
50020043,47.84,59.80
48673826,43.19,53.99
51677670,49.93,62.42
78381758,64.34,80.43
54384851,50.83,63.53
69013177,40.02,50.02
31651429,67.99,84.99
55293310,25.39,31.73
58753917,45.49,56.87
11549584,27.18,33.98
89939351,10.77,13.46
51426129,12.67,15.83
91446330,22.13,27.66
82893217,48.41,60.51
38716910,19.50,24.38
83095094,51.23,64.03
21221245,74.50,93.13
88791717,52.01,65.01
27512517,21.46,26.83
48014708,53.21,66.51
28474899,47.89,59.86
73392394,26.42,33.03
48016254,47.01,58.76
72300542,61.65,77.07
45225179,68.86,86.08
46153533,65.33,81.66
93614493,32.56,40.71
36607266,75.07,93.84
37894542,55.93,69.91
39778494,45.93,57.42
59426571,14.52,18.15
86378694,58.87,73.59
94121294,31.63,39.54
44627091,12.55,15.68
96048939,22.55,28.19
39355852,67.23,84.04
23780026,50.67,63.34
99271400,37.30,46.62
28165941,19.36,24.20
43329250,57.42,71.78
90500381,6.31,7.89
73894341,9.68,12.10
62093510,22.93,28.66
55076040,31.03,38.78
58106081,0.71,0.88
88164801,31.61,39.51
71641307,15.10,18.88
47187134,62.45,78.07
55609069,34.87,43.59
84373391,1.44,1.80
17643504,45.71,57.14
14750809,35.56,44.45
92531756,36.63,45.79
74657266,21.42,26.78
58883791,21.29,26.61
22852587,63.28,79.11
74287866,4.86,6.07
82705921,46.43,58.04
18626780,15.12,18.89
84133573,37.04,46.30
20524250,54.53,68.16
79163998,55.94,69.93
20245117,62.85,78.56
37566139,28.89,36.11
64758483,36.13,45.17
89113487,11.98,14.98
64762038,70.60,88.25
31349872,61.32,76.65
29722478,15.37,19.21
93743570,51.64,64.55
92240290,50.25,62.81
87997212,77.98,97.47
88995915,21.19,26.49
14576283,26.00,32.50
43817192,43.57,54.46
93716994,1.25,1.57
14986915,37.69,47.11
60365447,65.11,81.39
18021381,55.36,69.20
40477581,75.73,94.67
32396312,30.70,38.38
12123603,36.44,45.55
96984796,53.36,66.70
64924909,4.19,5.24
66310444,31.10,38.88
28804475,27.92,34.90
38060039,45.55,56.94
29249737,63.29,79.11
65354936,38.93,48.67
60581734,77.79,97.24
42693847,6.84,8.55
19464524,71.33,89.16
34411980,71.02,88.78
52902015,19.82,24.77
58115039,23.61,29.51
55114474,59.35,74.19
33863134,64.81,81.02
47572540,36.71,45.89
17137237,12.11,15.14
38483699,23.15,28.94
52788185,26.42,33.02
49887928,15.55,19.44
49771043,18.77,23.46
49849404,60.35,75.44
85921388,53.12,66.39
90026800,15.97,19.97
99276971,73.64,92.05
76430288,63.32,79.16
32391132,1.39,1.74
74527448,32.58,40.72
59467125,6.32,7.90
64437930,57.92,72.39
39986630,66.64,83.30
64470912,67.37,84.21
14092304,11.12,13.90
16070703,61.40,76.76
56127661,26.73,33.41
72103418,51.07,63.83
53608690,4.95,6.19
39893179,61.35,76.69
31661745,77.12,96.40
16397342,78.97,98.71
45318407,24.71,30.89
74824084,17.71,22.13
13151206,24.68,30.84
26721628,27.11,33.89
86158017,47.44,59.31
41580236,14.82,18.52
32199185,65.68,82.10
95324176,26.79,33.49
46738145,38.54,48.17
67826779,17.26,21.57
23088477,51.01,63.76
49730054,60.79,75.98
96408933,49.29,61.61
83176584,14.47,18.09
99192631,32.81,41.01
79382799,50.21,62.76
17017104,43.80,54.76
48411663,48.67,60.84
99105360,17.68,22.10
56626464,4.98,6.22
25623196,78.42,98.03
18800898,8.96,11.20
80369431,68.07,85.09
29662194,25.02,31.28
32786893,12.96,16.20
74338442,46.70,58.38
22360034,15.23,19.04
56058264,4.14,5.17
58030969,74.24,92.81
16590226,13.33,16.67
11118263,65.79,82.24
34616181,19.86,24.82
19706409,77.15,96.44
12658487,31.48,39.35
33021007,52.37,65.47
18742915,71.58,89.47
12578725,2.76,3.45
46079850,21.54,26.92
88450716,60.37,75.46
46251477,63.91,79.89
67392626,70.86,88.58
47807978,46.67,58.34
50206151,47.80,59.75
86308815,15.22,19.02
95343108,54.06,67.57
79201174,65.72,82.15
73579111,29.78,37.23
48041873,50.05,62.56
48397181,25.00,31.25
14829662,60.05,75.07
84670636,48.91,61.14
11245014,21.42,26.77
46972598,74.18,92.73
22756726,40.36,50.45
16076078,50.65,63.32
89550426,35.16,43.96
60825278,41.75,52.19
83512485,72.36,90.45
65992659,42.00,52.50
25550383,21.86,27.32
42167553,43.33,54.16
57563065,31.56,39.46
87552768,44.94,56.17
24533044,29.19,36.49
58636722,24.06,30.08
77711556,49.21,61.52
86721738,64.88,81.10
99941299,46.93,58.66
92136429,64.41,80.52
56456904,15.08,18.85
67532049,36.10,45.12
40387932,34.00,42.50
33526793,17.98,22.48
55852220,0.55,0.69
70605233,28.21,35.26
50705316,48.29,60.37
13193689,20.59,25.73
26330841,13.79,17.24
61704530,61.35,76.69
29212744,27.90,34.88
61058526,52.36,65.45
71157828,22.96,28.70
58792726,60.01,75.01
45699695,67.66,84.57
89509521,13.54,16.92
59533376,77.42,96.78
84368407,19.06,23.82
10161966,31.56,39.45
40423416,19.26,24.07
67198287,4.79,5.99
85168631,67.08,83.85
72129795,70.55,88.19
15406480,17.55,21.94
62319785,37.15,46.43
86989906,42.55,53.18
75700632,31.37,39.21
74703511,15.78,19.72
69262760,75.58,94.48
72024717,6.79,8.49
44271892,78.99,98.74
65726655,46.54,58.17
24454931,69.88,87.35
80597846,66.52,83.15
73975496,18.61,23.27
49927393,79.47,99.34
51066766,59.23,74.03
61332492,45.48,56.85
54272858,39.28,49.10
97870207,66.59,83.24
82720618,77.37,96.72
52329755,4.24,5.30
95809941,68.58,85.72
60268018,58.25,72.81
45511619,16.82,21.03
14899915,57.70,72.13
88618241,15.60,19.50
67646918,8.29,10.36
70184598,18.99,23.73
45252372,46.70,58.38
43938862,28.26,35.33
56437122,65.51,81.89
59685035,31.38,39.23
58978094,70.47,88.09
75640466,64.76,80.95
94574264,26.53,33.16
85181824,48.53,60.67
37330927,2.61,3.26
42057513,50.27,62.84
51255541,73.14,91.42
83540098,73.35,91.69
90649790,11.82,14.78
48669128,71.65,89.57
67392738,54.39,67.98
62419483,71.30,89.13
50219782,42.55,53.18
13779908,72.20,90.25
83369734,34.22,42.78
34231252,11.72,14.64
85535064,26.01,32.51
69150515,20.06,25.07
67820434,27.59,34.49
47510867,65.00,81.25
75718572,16.37,20.47
77649500,12.06,15.08
56165408,39.45,49.31
13967531,5.56,6.95
10507461,11.62,14.52
85037424,18.61,23.26
57679377,60.49,75.61
83137438,78.37,97.96
88963957,64.54,80.67
31746709,2.16,2.70
80887547,7.40,9.25
70369645,26.55,33.19
22086057,63.73,79.66
13068952,27.28,34.10
69240844,73.10,91.38
77324412,7.28,9.10
59913748,21.95,27.43
55992995,63.14,78.92
92038347,12.97,16.21
96912021,6.14,7.68
52128549,34.69,43.37
70300168,56.56,70.71
94165751,73.81,92.26
15110611,26.51,33.13
11935961,49.11,61.39
75059307,34.83,43.54
29346424,2.79,3.49
89712956,72.02,90.02
33781464,36.38,45.48
12048215,3.54,4.43
65387395,66.49,83.12
12799585,25.96,32.45
11925511,77.25,96.57
44629528,27.94,34.93
17947839,67.60,84.50
81832237,78.51,98.14
63397467,60.02,75.03
50662448,18.16,22.70
84831863,29.66,37.07
90351085,46.40,58.00
90129334,78.46,98.07
39294169,34.48,43.10
69927637,6.15,7.69
84600019,53.07,66.33
64224855,43.88,54.85
85906669,7.94,9.93
35281904,15.12,18.89
90772771,11.67,14.58
86697219,33.21,41.51
55549421,55.62,69.52
54898571,73.20,91.50
35387977,16.34,20.42
36156072,17.83,22.28
37400622,24.33,30.41
30456716,58.86,73.57
57119210,23.13,28.92
51207992,61.87,77.34
99582637,16.66,20.82
48718747,41.65,52.06
41280256,55.77,69.72
65018582,75.08,93.84
23320769,54.74,68.43
42504972,47.35,59.18
25428898,45.59,56.98
54353894,77.02,96.27
23036483,59.70,74.63
76873142,58.74,73.42
50477350,64.81,81.02
52557422,22.24,27.79
79343517,51.86,64.83
29474875,70.48,88.10
96388219,57.95,72.44
71362592,66.91,83.64
70022470,70.58,88.23
72090022,20.65,25.81
62547966,46.09,57.61
77491178,12.97,16.21
91116753,47.99,59.99
23051932,56.66,70.83
45883676,52.23,65.28
45454858,75.60,94.50
28878739,32.41,40.52
81735409,62.49,78.11
40071032,24.34,30.42
76089595,0.14,0.17
95019628,17.58,21.98
36635391,62.25,77.81
39058899,58.71,73.39
28900733,36.45,45.57
74731641,7.43,9.28
76871387,17.91,22.38
51857312,67.38,84.22
45309409,2.76,3.45
93834196,14.22,17.78
30369380,38.71,48.39
64615570,9.06,11.33
57265253,2.62,3.27
17634847,52.37,65.47
62266435,27.69,34.61
27610925,78.96,98.70
79889482,9.75,12.19
38326252,41.45,51.81
48970692,56.89,71.12
71714404,52.42,65.52
37288703,67.30,84.13
79501967,28.29,35.37
88771016,48.27,60.33
75512477,65.22,81.52
76970738,75.79,94.74
49514121,29.61,37.01
74098370,58.82,73.53
47229967,51.44,64.30
41817619,79.02,98.78
46892572,42.40,53.00
25601897,68.62,85.78
14052906,31.79,39.74
65849015,12.14,15.18
63083326,74.79,93.49
14552070,13.05,16.31
22356640,57.82,72.27
91950180,39.77,49.72
79286464,55.73,69.66
61547038,9.11,11.39
32390740,4.93,6.16
54162072,29.66,37.08
22997384,0.48,0.60
66520190,16.27,20.34
43633609,15.31,19.13
16773384,26.92,33.65
47106170,11.36,14.19
89285426,52.84,66.05
47783617,39.94,49.93
73464533,2.92,3.65
83741198,77.13,96.41
42101385,25.71,32.14
48989234,72.20,90.25
15500965,41.87,52.34
39112381,49.00,61.24
99554339,69.78,87.22
32548049,58.56,73.20
49931537,44.97,56.22
47025834,11.95,14.94
25284078,8.63,10.79
93787414,5.17,6.47
74486489,2.21,2.76
47283185,68.38,85.47
43935069,78.24,97.80
14605375,15.65,19.57
99215501,60.01,75.01
41762605,47.49,59.36
15789605,40.71,50.89
82886165,39.99,49.99
73379302,23.69,29.61
15996442,79.81,99.76
94632335,48.68,60.85
64864078,68.45,85.56
71461654,76.02,95.03
99223163,64.88,81.10
58059676,74.92,93.65
69022311,58.63,73.29
50476802,36.54,45.67
51829217,12.54,15.68
74011653,65.58,81.97
92578683,42.72,53.41
60684605,25.04,31.30
48538781,9.69,12.11
31243562,71.37,89.22
76644836,54.87,68.59
30740532,1.80,2.25
82178511,67.57,84.46
20851077,10.43,13.04
17511875,29.66,37.08
63203330,76.89,96.11
37172309,6.33,7.91
31468217,58.56,73.20
22001062,2.66,3.32
69581800,28.83,36.03
24612009,52.56,65.71
40008079,54.91,68.63
78881360,21.98,27.48
51579197,73.16,91.45
50041597,75.67,94.59
11915932,25.03,31.29
91024757,14.97,18.72
50632400,6.23,7.79
84255204,13.20,16.51
49184559,44.46,55.57
43724725,19.02,23.78
98932769,77.83,97.29
31466972,7.28,9.10
80440133,57.88,72.35
20025151,39.95,49.94
27998430,24.58,30.73
21689252,29.71,37.14
39980700,14.13,17.66
77368000,27.42,34.28
21425426,77.27,96.59
42594483,11.36,14.20
91234800,12.51,15.63
19530972,57.44,71.80
29438268,37.78,47.22
17407131,35.40,44.25
33223970,19.30,24.13
40104360,70.64,88.30
44673216,45.00,56.25
57374538,33.06,41.32
46567048,16.19,20.24
52479201,38.94,48.67
49489053,76.66,95.83
38794254,39.79,49.74
70954340,22.71,28.39
47005940,5.82,7.27
64707078,73.06,91.32
58679770,19.92,24.90
64833953,5.35,6.68
44786670,63.76,79.70
82625391,79.11,98.88
50340764,52.65,65.82
47324777,42.65,53.31
58215477,60.08,75.10
30283695,27.38,34.22
30604514,35.61,44.52
65270770,8.10,10.12
64596845,58.71,73.39
97532770,19.16,23.95
31245993,55.06,68.83
41878812,29.16,36.45
94667478,30.27,37.84
57625655,33.71,42.14
49670857,75.33,94.16
82082769,31.24,39.05
99606071,23.13,28.92
33209693,14.01,17.52
37936992,4.71,5.89
26614875,26.26,32.83
40266543,44.38,55.47
88234215,25.00,31.25
87298568,77.44,96.80
58785193,8.28,10.35
30552194,43.51,54.39
32628517,68.04,85.05
59672241,20.10,25.13
54844977,4.93,6.16
22259427,35.91,44.88
87298200,26.95,33.68
57152427,31.05,38.81
23702397,7.71,9.64
58028684,37.12,46.39
74786633,17.28,21.60
22139106,61.98,77.47
93715106,6.43,8.04
46141766,6.83,8.54
60406887,65.53,81.91
51291576,54.45,68.07
68295588,0.58,0.72
95721244,21.96,27.45
65578588,26.43,33.03
47703038,12.72,15.90
99297016,4.82,6.03
77275677,44.84,56.05
96704036,62.25,77.82
25011506,71.12,88.90
34485133,15.50,19.38
57971220,25.31,31.64
61889998,10.34,12.92
83082669,52.54,65.67
24489884,14.90,18.63
16030139,20.76,25.95
53682871,22.17,27.72
65405593,38.11,47.64
41969835,25.48,31.85
52899433,62.12,77.65
82287534,13.36,16.70
13766743,9.51,11.89
90729120,45.85,57.32
77992913,39.42,49.27
28525573,12.93,16.17
84944192,55.10,68.87
77727725,49.62,62.03
96628439,17.17,21.47
28363070,48.78,60.98
98228532,61.36,76.70
13136195,69.33,86.67
32150567,66.17,82.71
17116350,72.04,90.05
60210894,75.55,94.44
26176548,60.64,75.80
96233264,67.37,84.21
23665863,69.28,86.61
84016775,39.92,49.90
39837896,64.83,81.03
84374818,69.64,87.06
14024710,63.63,79.53
67915374,75.43,94.28
23454429,25.81,32.26
80840328,3.06,3.83
36150903,19.23,24.04
74020996,68.56,85.70
74072062,36.31,45.39
40449659,19.96,24.95
10591602,41.52,51.90
83625739,60.80,76.00
13585557,2.33,2.91
82143123,68.46,85.57
11956428,70.45,88.06
66895965,5.16,6.45
13839612,55.43,69.29
47199772,75.72,94.65
36943686,66.78,83.48
81286841,40.23,50.29
85566627,78.60,98.26
26853718,54.92,68.65
25580423,39.15,48.94
40250936,62.71,78.39
28361737,2.24,2.80
60994912,72.57,90.71
19318841,18.84,23.55
66006263,41.83,52.29
71423617,19.24,24.05
71402475,58.36,72.96
85386545,2.41,3.01
41861758,6.27,7.84
11639960,45.41,56.76
65826845,73.18,91.47
19744137,17.05,21.32
82414638,29.95,37.43
70574751,58.35,72.94
96637867,13.29,16.61
28171838,74.67,93.33
39186836,73.54,91.93
14110690,18.60,23.25
43366967,78.08,97.60
56768496,41.86,52.33
19206862,61.01,76.27
40396196,29.42,36.77
58410055,8.53,10.67
43695749,49.77,62.21
32092620,41.10,51.37
99677472,60.46,75.58
21817873,67.20,84.00
81169267,15.07,18.84
86061358,27.00,33.75
39602303,26.40,33.00
88023757,46.27,57.84
66126807,44.32,55.40
68757912,18.97,23.71
22514743,9.14,11.43
97734567,7.15,8.94
48266590,12.41,15.51
55408326,58.21,72.76
32003478,23.14,28.93
46028288,7.54,9.42
62484524,33.32,41.64
20201386,41.60,52.00
99541188,61.98,77.47
55547311,76.03,95.04
69806923,74.53,93.16
76188992,46.75,58.43
17989127,4.71,5.89
79969839,1.69,2.11
98647809,48.01,60.02
46771932,48.82,61.02
48970558,28.15,35.18
73357361,36.32,45.39
70918357,48.01,60.02
13909867,24.27,30.33
98967216,47.89,59.87
71745517,78.64,98.30
30402418,14.66,18.32
99383485,32.10,40.13
65356271,36.97,46.21
75009040,21.42,26.78
79681393,37.71,47.13
95956155,19.41,24.26
26515366,71.70,89.63
49348829,31.97,39.96
53237253,60.84,76.05
72634883,13.14,16.43
65225568,45.99,57.48
61684879,22.64,28.30
35654561,70.87,88.58
24511436,57.67,72.08
61088350,76.53,95.66
96763036,44.97,56.22
12199609,53.46,66.83
37776319,26.89,33.61
97763540,12.37,15.47
10301727,24.66,30.82
82846416,0.05,0.07
73383671,21.30,26.63
73698116,33.38,41.73
81935237,12.15,15.19
53449948,69.04,86.31
69750141,40.31,50.38
66911694,23.66,29.58
98312554,11.56,14.45
73246011,42.55,53.18
75419739,16.29,20.36
26512432,53.15,66.44
69686906,64.23,80.28
35034781,16.44,20.55
27376288,18.78,23.48
95467895,63.97,79.96
76129823,73.45,91.82
93948733,73.22,91.52
94507539,46.34,57.93
84045875,56.96,71.20
19056437,62.93,78.66
36047459,66.51,83.14
54209868,7.23,9.04
49960907,4.07,5.09
82008404,15.02,18.78
64228447,25.05,31.31
28565665,79.04,98.80
32992070,74.76,93.45
58649400,24.80,31.00
61258520,33.31,41.64
28834921,9.08,11.36
19054936,46.62,58.27
42983712,71.20,89.00
76557404,56.80,71.00
99358764,54.24,67.80
13804734,61.96,77.45
82249756,65.97,82.46
43583809,48.34,60.42
82825356,57.15,71.44
77167313,60.58,75.73
87343079,25.74,32.18
13680806,46.69,58.36
40497219,20.00,24.99
48921231,50.64,63.30
43758056,5.39,6.74
59438391,22.14,27.68
84415947,52.72,65.90
42707731,11.10,13.88
23659591,9.72,12.15
59643394,4.09,5.11
70550627,49.78,62.22
48587759,53.25,66.56
61215682,69.22,86.53
51986509,49.67,62.09
95279501,54.47,68.09
15653437,11.60,14.50
41143659,63.61,79.52
13933895,14.71,18.38
56779382,24.13,30.16
80137796,50.31,62.89
70158771,13.69,17.11
77145222,71.98,89.98
30906048,9.92,12.40
57160474,64.40,80.50
10477993,27.01,33.76
91818562,2.94,3.67
55514369,29.60,37.00
93104077,36.64,45.80
39627653,37.65,47.06
20879726,48.82,61.03
97934229,58.27,72.84
28260429,35.92,44.90
82095604,47.78,59.73
72767623,13.85,17.32
77256206,41.50,51.88
56875564,46.13,57.67
83887221,55.86,69.83
78391262,46.63,58.29
18406663,29.71,37.13
35211452,62.72,78.40
69969701,41.34,51.67
74106310,65.30,81.63
43571365,45.35,56.69
62171155,65.62,82.03
66404964,74.72,93.40
53381093,48.56,60.70
54753890,20.37,25.46
83963881,11.90,14.88
49933258,65.32,81.65
87618924,44.97,56.22
29627347,4.65,5.82
99866774,67.87,84.83
11632307,68.40,85.51
83315717,44.90,56.12
39200833,34.65,43.32
39220458,36.38,45.47
92584358,5.05,6.32
15592493,76.65,95.81
32280545,65.87,82.33
47615433,11.23,14.04
65864504,50.28,62.85
16940924,44.14,55.18
50340803,7.46,9.32
46940215,27.82,34.78
69416577,15.30,19.13
84517279,9.65,12.07
36739292,73.69,92.11
44462905,68.67,85.84
90736816,55.97,69.96
62384906,38.95,48.69
72159788,68.42,85.53
31443042,39.56,49.45
37760233,0.65,0.81
19570244,51.00,63.75
66424048,32.03,40.04
40264855,12.28,15.35
19466004,79.14,98.93
57216160,33.68,42.10
93867946,45.42,56.78
41200797,64.12,80.15
12428932,63.86,79.82
57595626,43.45,54.31
90798348,19.13,23.91
62244560,53.87,67.34
56399951,14.18,17.73
71648414,72.28,90.35
18106291,5.49,6.86
29283638,78.13,97.67
37153657,27.77,34.71
26215276,1.96,2.45
99402307,8.99,11.24
50033501,77.28,96.60
46752083,63.58,79.47
80136564,4.19,5.23
98987967,77.99,97.49
28415269,51.97,64.96
84666155,10.54,13.17
95667039,8.63,10.79
72628892,14.87,18.59
33777835,23.09,28.86
66829714,37.77,47.21
14879565,56.42,70.53
47197179,74.52,93.15
52911250,68.84,86.05
90744003,67.10,83.88
89402836,46.52,58.15
57034666,7.49,9.36
94607100,73.82,92.28
86063625,33.99,42.49
45505244,49.80,62.24
43135774,65.71,82.14
58127589,59.51,74.39
57804378,21.95,27.43
85192415,31.28,39.10
63394491,53.22,66.53
62719872,30.29,37.86
25839188,27.78,34.73
89622571,14.03,17.54
34859165,11.30,14.12
50073585,27.10,33.88
86258815,64.60,80.75
83009090,12.45,15.56
26054215,70.41,88.01
65807490,24.37,30.46
83814397,9.05,11.32
69765231,33.36,41.70
37404098,38.09,47.61
89676462,22.25,27.82
25270441,19.43,24.29
20933615,66.88,83.60
65415066,36.15,45.19
33195001,33.02,41.28
99113041,16.55,20.69
91490677,69.44,86.81
44884735,34.34,42.92
48358228,78.75,98.44
55965824,63.73,79.67
65337704,31.22,39.02
94606513,15.21,19.02
47781498,50.60,63.25
98653075,15.09,18.86
25302620,74.14,92.67
94681774,22.74,28.42
18337648,5.02,6.27
58256593,35.06,43.83
59342386,35.90,44.87
42403577,40.83,51.04
41040600,15.98,19.97
48774534,5.82,7.27
42938295,26.63,33.29
55704123,18.37,22.97
92524046,52.39,65.48
75513722,1.94,2.43
86874173,35.99,44.99
79735692,41.89,52.36
48023772,70.85,88.56
13217751,52.18,65.23
55727317,55.01,68.76
97296535,71.68,89.60
10511972,29.88,37.35
16883037,47.68,59.60
45088932,54.87,68.59
88724461,40.84,51.05
60614986,16.91,21.14
81263274,71.70,89.63
75053865,42.86,53.57
66508489,77.96,97.45
38903349,6.07,7.58
29100653,67.90,84.87
63614620,18.18,22.72
86811728,54.24,67.80
75925745,45.50,56.87
85143593,0.40,0.51
86435460,67.04,83.80
60014161,8.98,11.23
19114743,51.87,64.84
60252109,0.49,0.61
63974381,67.17,83.97
22037108,30.24,37.80
32135571,65.25,81.57
61399388,53.04,66.30
12224097,16.02,20.02
76621674,25.84,32.30
19809198,56.51,70.64
88589328,39.61,49.51
90841043,57.52,71.90
93773571,31.70,39.62
79925659,71.37,89.21
77217291,29.38,36.73
28582403,65.41,81.77
25391525,54.29,67.86
86911273,13.65,17.06
73637425,69.68,87.10
95177317,39.92,49.90
20338380,3.20,4.01
20117580,25.68,32.10
51367566,48.18,60.23
67985608,40.07,50.09
36733804,32.99,41.24
40778438,40.94,51.17
54910207,12.10,15.12
40871016,39.26,49.08
68451116,41.24,51.54
11836064,57.00,71.24
65768877,55.32,69.15
31236156,9.79,12.24
51185436,55.17,68.96
31613157,52.10,65.13
43430577,44.06,55.08
91060716,75.14,93.93
21830605,21.50,26.87
57862456,42.28,52.84
85258073,35.48,44.35
13300817,18.07,22.59
73867131,74.60,93.25
37052547,25.30,31.62
68004013,79.18,98.97
16971844,39.54,49.43
15166543,15.78,19.73
71745095,11.08,13.84
22285761,34.12,42.65
90351667,61.54,76.92
73665195,76.19,95.24
62253729,0.42,0.53
78128830,76.06,95.08
67884073,64.32,80.41
17463975,33.92,42.39
36052563,63.01,78.76
99195954,21.33,26.67
40483302,3.85,4.82
51689794,33.72,42.16
40934675,54.75,68.44
38858901,35.15,43.93
78368542,61.99,77.48
28753050,51.83,64.78
97819628,20.25,25.31
90749067,60.18,75.22
71720912,23.67,29.58
28611696,52.38,65.47
25595732,73.26,91.58
23875198,2.36,2.95
98354097,76.03,95.04
10047663,6.26,7.83
68383154,35.45,44.31
40388675,4.68,5.84
75478678,65.17,81.46
40452377,2.20,2.76
16801728,75.79,94.74
57066428,61.67,77.09
87369317,30.89,38.61
22915838,48.93,61.16
76638913,14.28,17.85
15985222,16.03,20.04
38038224,52.04,65.05
59201150,20.54,25.67
83185991,58.47,73.08
79136456,75.90,94.88
88133397,72.90,91.13
32514955,48.11,60.14
72974900,47.64,59.54
31658998,39.47,49.34
38313093,25.63,32.04
80982298,62.72,78.40
80438287,47.63,59.53
49076311,79.47,99.33
31380100,13.29,16.62
89453677,63.28,79.10
69133955,68.72,85.90
19744651,5.52,6.90
99372558,24.26,30.33
99194392,0.95,1.19
59980078,12.68,15.85
38056168,72.92,91.15
13467801,9.93,12.41
62999112,59.77,74.71
15496261,33.78,42.22
13812905,35.09,43.86
49012982,46.07,57.58
81713020,54.52,68.15
31021750,47.54,59.42
10916136,53.86,67.33
35344705,58.48,73.10
85883073,56.11,70.14
89777773,58.89,73.61
59790872,55.02,68.78
29766156,30.15,37.68
10317199,58.26,72.83
79550667,47.18,58.97
84226613,60.69,75.86
70998942,43.20,54.00
52723862,48.50,60.63
13622091,38.91,48.64
83514042,72.75,90.94
61084147,16.11,20.14
68071807,29.95,37.44
68234570,64.08,80.10
35957913,37.26,46.57
71572577,7.75,9.69
68359978,31.14,38.92
93708708,10.21,12.76
50918626,29.93,37.41
98932614,18.42,23.03
42276465,64.05,80.06
51280711,51.22,64.03
58156467,12.58,15.72
64834541,56.80,71.00
89665730,23.93,29.92
29729329,10.81,13.51
92287057,53.82,67.28
96810197,20.60,25.75
48205081,31.57,39.46
57438450,68.02,85.02
66389405,59.91,74.89
13603575,21.22,26.53
99306185,42.85,53.56
45504902,26.26,32.82
40410726,42.67,53.34
90001608,61.54,76.93
38318198,34.15,42.68
87760525,8.48,10.60
14755302,76.05,95.06
24919787,52.99,66.24
12701975,8.67,10.84
77592932,31.49,39.36
62538606,20.71,25.88
85056999,16.75,20.94
11039666,54.98,68.72
80929956,74.87,93.58
72439543,59.37,74.21
16033649,64.82,81.03
98313666,39.12,48.90
50632059,8.00,10.00
72073706,40.35,50.43
72360390,67.96,84.95
36795413,35.77,44.72
14706952,47.46,59.32
54659242,69.38,86.73
41311389,39.02,48.78
34122650,55.70,69.63
75074553,51.42,64.27
93347096,57.04,71.30
91297639,51.98,64.97
51150114,63.27,79.09
60241562,54.35,67.94
73581744,24.70,30.88
98675875,46.76,58.45
20087418,15.82,19.77
36813526,56.07,70.08
40566782,8.38,10.47
37203631,1.67,2.09
17623498,64.99,81.24
25480229,19.77,24.71
33506534,46.50,58.12
36167160,33.61,42.01
56510805,14.73,18.41
73952283,40.44,50.55
11893483,47.39,59.24
53082154,49.80,62.25
23122811,65.08,81.35
89938713,62.76,78.44
32604770,6.16,7.70
29534485,50.89,63.61
58788206,8.79,10.99
85194961,21.67,27.09
55188026,65.48,81.85
66083382,23.96,29.94
78011135,46.28,57.85
74677853,43.26,54.08
42338254,35.08,43.85
83308553,36.71,45.89
57309409,26.29,32.86
81736779,47.87,59.83
85098547,0.74,0.93
95848961,4.13,5.16
37784977,59.43,74.29
18865313,49.42,61.77
40447201,79.46,99.32
93449319,70.49,88.12
77204870,6.30,7.87
33057086,14.31,17.88
67603352,39.39,49.23
92643668,52.75,65.94
47119925,64.86,81.08
89652851,72.19,90.24
75195305,16.61,20.76
45658410,46.96,58.71
87400159,6.94,8.68
63186172,52.49,65.61
80242500,0.31,0.39
41801019,52.63,65.79
15502197,71.26,89.08
64498416,55.88,69.85
64668554,45.86,57.33
77047214,46.40,58.00
11134520,2.67,3.34
51322601,62.97,78.72
78252784,23.12,28.90
89242115,12.29,15.37
48555212,56.60,70.75
93472591,7.82,9.77
18083155,23.93,29.91
71775239,16.04,20.05
95455285,56.35,70.44
55847633,25.33,31.66
70250972,68.13,85.16
55571289,2.20,2.74
26571989,6.79,8.48
51177699,5.08,6.36
28389935,64.80,81.00
95738890,55.09,68.86
71827960,57.65,72.06
68706723,46.55,58.18
80094613,59.29,74.11
74853971,20.62,25.78
74992897,21.13,26.41
91462813,54.54,68.17
11845372,48.64,60.80
40132184,57.58,71.98
20556732,9.86,12.33
54754040,25.07,31.34
32160241,46.50,58.12
35192874,75.84,94.80
44258056,8.20,10.25
48498509,40.73,50.91
27822602,25.80,32.26
32778557,45.86,57.33
89724229,50.12,62.65
62231206,35.82,44.78
10927634,41.33,51.66
31687260,60.41,75.51
19116867,20.75,25.94
75680993,34.90,43.62
83157227,19.37,24.21
10045351,28.75,35.94
43915440,51.94,64.93
26722908,38.58,48.23
58141377,47.23,59.04
23388717,27.78,34.73
97964253,65.69,82.11
48147708,57.83,72.29
15156637,54.90,68.63
98123578,56.31,70.39
28836795,51.35,64.19
97851601,13.06,16.32
96241626,43.77,54.71
33202641,41.31,51.64
39137479,58.86,73.58
95001888,43.28,54.10
36726250,57.35,71.69
21207859,26.42,33.02
97433959,55.46,69.32
89207822,1.69,2.11
51697942,78.33,97.91
25759074,70.39,87.99
85986046,51.24,64.05
96238968,71.25,89.07
19751034,63.31,79.14
89986400,54.22,67.78
86545426,20.12,25.15
32437944,74.37,92.96
82421058,69.43,86.79
83641642,48.77,60.97
10215952,73.94,92.43
41806665,22.48,28.10
35217264,60.13,75.16
16689463,49.31,61.64
32759804,67.95,84.93
48768911,44.42,55.53
80310697,56.58,70.72
26414058,25.87,32.33
97960558,0.56,0.70
31124859,26.69,33.37
54386624,51.77,64.71
84948347,62.34,77.93
53739265,71.65,89.56
16824447,12.00,15.00
77213858,13.19,16.48
40853336,34.04,42.55
64445011,42.13,52.67
55047488,37.98,47.47
52175736,78.48,98.10
55551425,48.76,60.95
86904418,75.95,94.93
29772231,20.33,25.42
83159149,6.74,8.42
75697978,29.47,36.84
79468789,30.85,38.57
64082078,15.05,18.81
84529109,13.01,16.27
29815485,52.45,65.57
80730287,1.00,1.25
99032998,12.62,15.78
20909674,79.98,99.98
94170100,0.68,0.85
17586665,26.61,33.26
84321102,1.91,2.38
24578375,31.61,39.51
16990622,43.83,54.79
89168241,78.40,98.00
60776964,48.70,60.88
60483185,76.90,96.12
47652020,27.86,34.82
82744748,6.53,8.16
94987647,71.25,89.06
48057687,34.05,42.56
50427073,35.64,44.55
21257979,1.33,1.66
40134643,63.81,79.76
58238792,24.70,30.88
21246391,41.39,51.74
18775510,34.11,42.64
42972701,19.22,24.03
38292440,14.66,18.32
94507175,50.10,62.63
24332442,0.53,0.67
62706243,28.76,35.95
15325961,1.31,1.63
89218995,72.70,90.88
72111813,18.72,23.40
31546077,36.77,45.97
35006497,35.04,43.80
85584811,16.67,20.84
80239155,19.11,23.89
81337517,72.00,90.00
28116325,67.44,84.30
40287707,33.66,42.07
95410739,69.54,86.92
75401473,73.83,92.29
88386706,59.93,74.91
73362841,55.07,68.84
92347399,78.16,97.70
86949822,34.19,42.74
22535614,35.98,44.98
63330715,19.03,23.79
25010039,41.92,52.40
47346812,11.25,14.06
62692440,31.62,39.52
39789484,36.85,46.07
95729951,78.59,98.24
32876059,14.57,18.22
84769629,72.89,91.11
83639833,63.17,78.96
56086641,22.62,28.27
71727320,27.33,34.16
39473645,62.91,78.64
16742046,79.59,99.49
57299470,42.81,53.51
10899700,25.24,31.56
35843906,73.42,91.77
43142271,69.09,86.36
80356782,57.56,71.95
33460319,8.59,10.74
83186543,78.78,98.48
92003850,19.53,24.42
63852137,40.10,50.13
89475290,37.07,46.34
68812823,17.39,21.73
65423921,51.33,64.16
50822236,61.93,77.41
96910585,16.79,20.98
66760780,78.44,98.05
18683343,43.85,54.82
86658587,74.73,93.42
41835812,18.28,22.85
73299886,58.33,72.92
53262980,31.78,39.72
46866766,58.39,72.99
71575723,67.48,84.35
86869422,70.59,88.24
22413857,11.25,14.07
92167584,32.19,40.24
48205368,45.24,56.55
43750522,30.80,38.50
56082807,65.22,81.53
26943880,36.92,46.14
59746677,11.81,14.77
88742450,42.11,52.64
68591493,13.65,17.06
29514867,11.31,14.14
70227732,6.26,7.82
74726657,74.60,93.25
24820029,52.51,65.64
82365444,34.92,43.65
45863472,48.12,60.16
15371312,30.06,37.57
45650764,44.64,55.81
11351050,57.30,71.63
63352216,77.02,96.28
81772674,32.18,40.22
88280727,26.91,33.64
63565454,67.87,84.83
67267012,36.23,45.28
57447046,19.88,24.84
80879536,57.79,72.24
75723715,56.60,70.75
32382210,60.47,75.59
59086113,7.73,9.66
93399319,21.80,27.25
99865616,41.44,51.80
36192402,11.55,14.43
33743473,62.40,78.00
60764675,74.49,93.11
26734191,43.61,54.51
11561084,9.57,11.96
90967842,22.01,27.51
38291860,8.10,10.12
91968921,69.84,87.30
42627093,77.89,97.36
87272359,47.11,58.89
70185261,3.29,4.11
91040913,16.99,21.24
54148379,16.76,20.95
23115289,31.68,39.60
16957998,73.54,91.92
11622464,65.29,81.61
36116965,5.37,6.72
42533369,42.73,53.41
65902075,57.04,71.30
29125695,21.98,27.48
13771017,65.17,81.46
22116930,24.65,30.81
12480738,20.09,25.12
84976997,66.79,83.49
56378244,8.84,11.05
53761172,79.73,99.66
19163187,42.98,53.72
57646684,73.93,92.41
86640772,29.97,37.47
97614116,32.48,40.60
73128355,5.99,7.48
71865501,72.38,90.48
59231864,0.43,0.54
26704874,37.82,47.28
89439983,70.76,88.45
61630054,19.19,23.99
78819530,17.45,21.81
61253173,34.75,43.44
41643909,10.21,12.76
42289979,8.09,10.11
86060425,27.80,34.75
80909488,38.41,48.01
57085866,42.27,52.83
96434888,60.98,76.23
82696126,52.83,66.04
75881246,52.61,65.76
98298179,70.54,88.17
90499989,35.54,44.42
71058885,49.27,61.59
23144372,66.58,83.23
84646607,68.99,86.23
41418831,34.39,42.98
81689118,36.60,45.75
34306624,72.75,90.94
45916447,32.98,41.23
36091818,31.56,39.45
23926233,31.07,38.84
32199749,67.82,84.78
99538706,28.24,35.30
16216426,51.68,64.59
25505805,60.93,76.16
81209766,61.27,76.59
12171375,11.90,14.88
57799028,14.54,18.18
17637232,40.55,50.69
44328308,72.52,90.65
72432476,57.52,71.90
94346330,61.52,76.90
85039950,11.01,13.76
49188622,44.90,56.13
94612935,11.95,14.94
20187316,61.34,76.67
37539433,29.30,36.63
58341728,74.08,92.60
20267410,76.12,95.15
50007798,58.89,73.61
53529529,10.71,13.39
30614800,25.54,31.93
74916009,75.86,94.83
30414096,78.33,97.91
88682713,13.37,16.72
11225835,72.00,90.00
58039025,70.91,88.64
15819268,62.45,78.07
46966949,30.13,37.67
94183774,26.48,33.10
17906314,28.52,35.65
90870548,64.90,81.13
63790097,50.88,63.61
22236234,12.52,15.65
83466096,59.84,74.80
20355474,25.15,31.44
92370154,15.15,18.94
91506641,44.70,55.88
22175294,37.59,46.99
50347567,45.20,56.50
86556679,14.98,18.73
67496635,0.15,0.18
34730128,25.98,32.48
20481895,51.80,64.75
28956635,57.95,72.43
68043900,37.74,47.17
45270653,20.38,25.47
83977463,31.10,38.87
16097031,19.05,23.81
74890705,41.34,51.68
50787414,16.51,20.63
13346382,75.73,94.66
91905528,57.46,71.83
67528328,12.81,16.01
60967309,78.82,98.53
10731387,29.80,37.24
94776528,8.62,10.78
36830645,19.28,24.10
97081297,63.45,79.32
27492263,24.75,30.94
38211066,29.35,36.68
24645399,7.56,9.46
18129385,26.13,32.66
73856019,7.98,9.98
29243397,63.02,78.77
97127103,79.00,98.76
74520249,75.63,94.53
56398392,68.94,86.18
29194611,16.88,21.10
29690090,58.91,73.64
97349534,35.90,44.88
12501105,13.31,16.64
38712271,67.13,83.91
25680922,11.24,14.05
93195341,33.21,41.51
65787874,78.06,97.57
81730537,52.93,66.17
14521153,33.62,42.03
16769003,40.17,50.22
48701016,21.96,27.45
81867678,32.45,40.57
90111109,15.25,19.06
12750244,11.66,14.58
37624089,53.18,66.47
26424469,72.27,90.34
31707261,8.64,10.80
28060686,8.38,10.48
59055793,19.96,24.95
83018522,25.50,31.87
15404875,22.61,28.26
28213411,37.14,46.42
47181157,40.88,51.10
17899682,59.32,74.15
40859278,14.17,17.71
43982567,55.54,69.43
85519694,53.61,67.01
98578485,73.61,92.01
93757236,39.92,49.90
97535415,69.58,86.97
67265058,25.01,31.26
79543184,38.71,48.38
38528045,27.54,34.42
57905863,13.49,16.87
96492300,33.66,42.08
94619169,57.88,72.35
49484390,46.18,57.73
84043924,2.68,3.35
37763883,45.36,56.70
83868747,37.51,46.89
89226320,45.60,57.00
33914824,23.00,28.75
40125469,36.57,45.72
25749222,3.95,4.94
11438791,70.30,87.87
11377720,12.95,16.19
86639333,40.88,51.10
55737763,74.38,92.97
92989372,37.11,46.38
90659842,54.00,67.50
21150752,44.91,56.14
68012926,52.71,65.89
55554788,18.13,22.66
92502576,27.74,34.68
59587353,3.75,4.69
70209274,22.45,28.07
51695501,17.98,22.47
53896337,70.57,88.22
88242742,54.70,68.38
19091082,46.09,57.61
10668703,46.10,57.62
82762086,16.08,20.11
68674929,47.26,59.08
51119457,46.11,57.63
70094434,73.65,92.06
47762838,0.89,1.11
48255809,77.77,97.21
74099285,51.97,64.96
41314407,21.57,26.97
50858025,36.87,46.09
67181788,25.00,31.25
54417240,75.64,94.56
88051322,67.06,83.82
60853281,16.08,20.10
92953378,2.06,2.58
36429067,36.27,45.34
44503811,5.95,7.44
27671068,65.10,81.38
87738130,20.05,25.06
70105435,7.64,9.55
58459634,40.49,50.61
15532544,68.40,85.50
10697703,75.79,94.74
94189067,31.86,39.83
46868544,75.60,94.50
86147277,14.14,17.67
17902364,45.68,57.10
91333489,5.43,6.79
88528768,51.68,64.60
66229306,50.78,63.47
52760913,66.78,83.48
10317731,22.83,28.54
50845226,37.06,46.33
70559645,64.62,80.77
60283436,38.51,48.14
88370172,51.87,64.84
17722732,50.92,63.65
17320820,54.31,67.89
37884913,32.78,40.98
61311784,23.66,29.57
20429990,72.38,90.48
62538159,44.38,55.47
28422690,40.72,50.90
43834369,15.55,19.44
85966199,71.47,89.34
40978243,23.21,29.01
49132442,39.30,49.13
25291461,12.76,15.95
90409051,61.26,76.58
38984557,33.47,41.84
29096612,41.13,51.41
57045032,73.31,91.64
56150501,21.66,27.08
25086812,18.33,22.91
44397889,67.52,84.40
91850059,50.90,63.63
45742060,7.25,9.06
67878799,18.24,22.79
97930125,63.22,79.03
74694475,69.92,87.40
45920752,37.30,46.62
11705656,72.95,91.19
74137900,53.55,66.94
29218181,31.78,39.72
94358397,18.10,22.63
23717022,27.16,33.94
42151821,77.57,96.97
30195745,9.09,11.36
29980337,33.08,41.34
39944582,73.15,91.44
80834857,64.39,80.49
89949071,2.83,3.54
72382876,48.51,60.64
46228906,47.62,59.53
23882049,31.57,39.47
23408267,1.66,2.08
38957033,62.14,77.68
61104082,6.95,8.69
28516282,68.60,85.75
66355545,30.85,38.56
57124279,56.59,70.74
59477743,67.34,84.17
88444316,45.34,56.67
64989153,64.01,80.02
23958687,15.25,19.07
41671007,43.02,53.78
71508607,28.58,35.72
97752281,14.06,17.57
79987747,54.57,68.21
61593012,71.17,88.96
38467133,26.97,33.72
29087054,24.94,31.17
69136206,50.84,63.56
43983917,67.93,84.92
97935261,75.72,94.65
33358271,0.66,0.83
24235439,33.25,41.56
24799331,11.69,14.61
12319397,28.98,36.22
37876898,65.86,82.32
56904349,44.67,55.83
41909531,70.71,88.39
76720548,7.33,9.17
64894431,7.31,9.14
88963791,6.98,8.73
50048202,75.81,94.77
55187967,72.63,90.79
75080119,13.87,17.34
22914271,78.99,98.74
55546310,26.48,33.10
95764466,35.25,44.06
29418475,14.74,18.42
68471969,15.33,19.16
77906715,32.48,40.59
46297803,3.37,4.22
70638500,57.14,71.42
60114228,71.43,89.29
54294956,69.81,87.27
84533996,68.80,86.00
40638867,27.03,33.79
83445956,13.53,16.91
76680859,10.35,12.94
50392712,29.58,36.98
34342248,76.18,95.22
39679532,38.94,48.68
17915782,4.95,6.19
25220523,64.79,80.99
82210339,50.16,62.70
35103254,55.39,69.24
86369218,1.08,1.35
69924823,34.06,42.58
26321128,40.32,50.40
46684379,61.93,77.41
36896144,40.49,50.62
99024157,52.74,65.92
55634421,7.63,9.53
84872494,23.68,29.60
89993803,14.68,18.35
15991764,43.77,54.72
30915487,22.02,27.53
36549408,70.94,88.68
28450131,61.68,77.10
66718460,8.21,10.26
27952131,31.93,39.92
23096116,18.49,23.11
61147465,1.06,1.33
32961668,34.93,43.67
17300372,37.00,46.25
56496617,32.60,40.75
34200490,7.95,9.94
39350549,27.72,34.65
73551711,39.36,49.20
52443694,65.88,82.36
36152577,28.27,35.34
76468572,6.98,8.73
72349502,46.17,57.71
47347585,60.56,75.70
19680078,75.88,94.85
97839356,4.65,5.81
34566881,75.05,93.81
41969396,41.01,51.26
70934276,0.01,0.01
18072765,12.23,15.29
97661385,71.61,89.51
96150782,48.14,60.18
96227461,56.68,70.85
76623202,68.95,86.19
29733640,44.12,55.16
52681784,37.12,46.40
33016312,61.40,76.75
62096380,24.02,30.03
63395695,12.50,15.62
34442993,42.38,52.97
78813899,73.29,91.61
26241016,27.64,34.55
68149390,26.48,33.10
28414270,9.45,11.81
32590566,27.21,34.01
15527743,8.36,10.45
42097896,25.50,31.87
14155168,69.31,86.64
84592904,61.06,76.33
51420910,62.79,78.49
74333145,33.42,41.78
10285330,50.22,62.78
84940757,24.94,31.18
77116436,15.65,19.56
22897964,20.63,25.79
40998588,18.97,23.71
69252655,31.87,39.83
17099756,60.34,75.43
49904691,43.54,54.42
11104296,39.72,49.64
95674100,17.88,22.34
57717675,76.54,95.68
61500701,11.64,14.55
54491957,28.87,36.08
19988216,32.01,40.01
55513103,46.23,57.79
68458912,9.07,11.34
74641577,59.17,73.96
44882303,30.25,37.82
37410694,27.72,34.66
41440430,20.87,26.08
48921906,53.94,67.43
31622823,67.53,84.42
90010061,30.12,37.65
13910606,45.06,56.33
37413220,20.95,26.19
17449653,53.42,66.77
50585887,79.69,99.62
54952099,35.46,44.33
15886353,18.16,22.70
89706327,28.40,35.50
94132929,56.03,70.03
73776032,46.69,58.36
20598970,54.59,68.24
19233021,20.83,26.04
13265996,1.02,1.28
88713619,57.93,72.42
72935966,7.79,9.74
40076730,55.85,69.82
84714229,28.09,35.11
96301424,45.57,56.96
78752180,50.23,62.78
39995898,10.57,13.21
50823835,42.87,53.59
82818870,38.94,48.68
34949144,59.10,73.88
36132680,24.04,30.05
34765962,38.76,48.45
58352884,11.15,13.94
55664254,61.93,77.41
45584870,19.89,24.86
30117674,23.49,29.37
49023327,8.87,11.08
82924698,18.43,23.04
76564438,10.63,13.29
65986289,36.21,45.27
65238125,59.73,74.66
79401318,68.91,86.14
36899424,17.62,22.03
40096639,19.73,24.67
44931306,13.82,17.27
52612009,52.38,65.47
52335846,63.89,79.86
32778972,71.58,89.47
73953562,9.72,12.15
14195967,44.07,55.09
61033630,54.13,67.66
56397858,45.59,56.99
28036203,68.01,85.01
82440784,78.40,98.00
97318656,17.66,22.07
17412030,10.38,12.98
66873200,33.71,42.13
97897422,44.10,55.12
18007208,45.20,56.50
21463109,15.11,18.88
92025062,43.20,54.01
33794008,37.43,46.78
73468463,29.87,37.33
11290110,50.14,62.68
72075856,71.85,89.81
83747605,68.56,85.70
58957457,35.02,43.77
81244570,61.35,76.69
51774646,14.04,17.55
35757542,23.19,28.99
29552170,9.45,11.81
61426907,56.69,70.86
80485993,78.57,98.21
54419614,42.65,53.32
83309022,62.20,77.75
13229234,2.75,3.43
24830454,33.10,41.37
11459516,2.75,3.44
24917593,30.99,38.73
65800737,8.97,11.21
96948070,41.72,52.15
33093378,5.97,7.47
44439855,0.88,1.10
48992360,54.36,67.95
37543445,30.12,37.65
49688991,49.94,62.42
11853296,17.96,22.45
15609479,50.51,63.13
30714258,60.45,75.56
35659927,79.42,99.27
56673972,31.78,39.73
81430346,77.36,96.69
78784167,58.32,72.90
48495657,48.72,60.91
70859393,9.18,11.48
37062229,75.03,93.78
93838197,75.55,94.43
26812464,38.59,48.24
28532419,25.17,31.47
79264091,1.51,1.88
64239963,70.23,87.79
93060810,32.45,40.56
64088495,30.98,38.72
62207813,24.78,30.98
97502224,16.33,20.41
65405355,24.53,30.66
21252725,64.19,80.24
11205039,3.22,4.02
68115302,48.98,61.23
44422898,77.38,96.72
52625824,17.00,21.25
36570909,37.57,46.96
21068996,45.47,56.84
34334528,61.84,77.30
59624482,74.47,93.08
86297925,22.82,28.53
82383672,52.93,66.16
86488843,2.36,2.94
79423999,52.97,66.22
34235118,32.55,40.68
64412004,58.98,73.72
72269754,49.39,61.74
62292393,46.33,57.91
84559337,26.61,33.27
11069899,39.39,49.24
49981296,35.29,44.11
74359458,55.19,68.98
61358949,43.35,54.19
21783192,37.70,47.13
33189629,38.82,48.53
22349969,46.15,57.68
10252659,23.35,29.18
24195874,6.94,8.68
68361159,13.83,17.29
68873709,28.90,36.12
57288894,49.36,61.69
80132398,50.82,63.53
81529566,53.32,66.65
12118120,47.22,59.03
51671374,68.69,85.86
79802926,22.96,28.70
53870911,22.56,28.20
66921862,0.20,0.25
65492780,20.26,25.32
67119182,18.46,23.07
99609334,56.98,71.22
99399354,71.71,89.64
80714262,77.28,96.60
70804996,7.67,9.59
76996323,14.03,17.54
25984392,31.42,39.27
16478904,43.90,54.87
55834873,41.79,52.24
40420235,54.62,68.27
73576373,24.43,30.54
67192199,18.30,22.88
46847881,11.96,14.95
74354793,28.85,36.06
34656643,19.98,24.98
63197741,24.25,30.32
47085297,78.17,97.71
77769265,61.39,76.74
27023964,27.74,34.67
64065491,68.08,85.09
92142471,7.56,9.45
81390238,49.30,61.63
82669435,69.18,86.48
69964705,58.45,73.06
15334209,5.39,6.74
86833399,43.27,54.09
32838078,56.06,70.08
36635564,12.24,15.30
86703631,47.50,59.38
61567126,47.71,59.63
44288192,43.90,54.87
86423988,54.22,67.77
13226432,5.01,6.26
70396212,57.87,72.33
89205619,53.34,66.68
53331055,72.93,91.16
99333784,8.65,10.82
49239296,12.53,15.66
45195646,17.49,21.87
48515925,25.47,31.84
78318533,35.91,44.89
52381559,18.18,22.73
32021933,63.78,79.73
53854517,70.05,87.56
55177279,5.94,7.43
76498136,70.01,87.51
63466019,46.68,58.36
77306152,34.74,43.42
55509466,48.10,60.12
52776527,46.90,58.63
53511741,1.45,1.81
15885871,66.30,82.87
18544672,42.66,53.33
46204462,47.26,59.08
99509497,53.53,66.91
93102930,1.52,1.90
35361378,54.37,67.96
34344501,17.80,22.25
29538067,26.37,32.96
23074330,35.95,44.94
71441510,33.21,41.51
25361801,70.76,88.45
26421573,57.32,71.64
71206613,29.34,36.68
10086124,72.34,90.43
28849747,76.31,95.39
60986170,49.18,61.47
93488194,6.83,8.54
70166135,66.05,82.57
13742766,60.38,75.47
53368995,31.77,39.71
65728936,8.83,11.04
76292778,61.78,77.23
66651494,33.89,42.36
82770138,7.58,9.48
16648404,37.12,46.39
99888399,47.91,59.89
63488485,38.73,48.42
57131767,24.46,30.58
36164391,53.95,67.43
43577972,56.55,70.68
15044833,30.41,38.02
66510120,1.72,2.14
81232985,30.51,38.13
27090291,68.07,85.09
67400752,73.66,92.08
36776909,41.79,52.23
83723126,41.22,51.52
59741334,18.85,23.57
34285867,0.35,0.43
37151141,25.77,32.21
16861615,29.63,37.04
56733281,20.69,25.86
97171893,74.83,93.53
18093410,45.15,56.43
94157177,69.33,86.66
80968542,6.51,8.14
77294362,68.83,86.03
16970572,3.95,4.94
39879679,18.82,23.53
41419952,41.61,52.01
72946948,28.15,35.19
98270830,67.57,84.46
16961067,72.09,90.12
80797407,6.98,8.73
68067137,66.52,83.15
96356210,31.90,39.87
69398631,78.58,98.23
81726106,2.52,3.15
78584905,22.95,28.69
54607363,25.40,31.76
12060223,25.89,32.36
37013596,54.99,68.73
22869692,59.60,74.49
51138223,38.80,48.50
60736636,75.32,94.16
14941446,23.02,28.78
76102193,10.74,13.42
61186153,34.66,43.33
25563724,15.15,18.94
58796716,9.87,12.33
99023028,66.11,82.64
64939158,31.82,39.78
92335720,2.03,2.53
72779674,2.69,3.36
89253141,50.61,63.26
25568219,16.89,21.12
71834665,21.91,27.39
54947118,14.91,18.63
13640657,77.61,97.01
25245423,2.82,3.53
51930731,70.53,88.17
91155563,57.77,72.21
90242062,30.07,37.59
16156385,1.69,2.11
51865723,10.20,12.74
59994965,54.34,67.92
44956816,46.92,58.65
58596085,10.24,12.79
27200454,40.11,50.14
26343094,23.61,29.51
30248536,52.17,65.21
72975793,44.39,55.49
62429401,66.35,82.94
73562417,45.62,57.03
29748187,43.56,54.45
72366396,38.47,48.08
46056386,51.76,64.70
37890230,67.77,84.71
96317762,20.13,25.16
55524356,19.09,23.86
38653925,70.46,88.08
54682066,67.71,84.64
15379681,64.22,80.27
55544187,76.81,96.02
89636839,29.37,36.71
78977596,49.09,61.37
43466067,60.55,75.69
16285661,78.52,98.15
75156091,13.60,17.00
32951831,30.48,38.11
59398015,69.99,87.48
55156893,5.14,6.42
45298743,64.43,80.54
73677809,20.98,26.23
38011982,65.68,82.10
37489373,24.65,30.82
84975928,62.52,78.15
74442269,56.92,71.16
39598827,6.20,7.75
76107286,77.41,96.76
98291977,74.77,93.46
53120204,78.48,98.10
98630060,56.00,69.99
94115761,1.44,1.80
42123887,77.00,96.24
62666635,47.87,59.83
22413969,33.98,42.48
73934648,69.80,87.25
86787532,8.52,10.65
65289819,34.62,43.28
19163257,13.37,16.71
63371234,22.36,27.95
11156954,15.89,19.86
47080964,49.90,62.37
82604500,29.80,37.25
58772878,36.17,45.21
21992979,79.12,98.90
15203669,24.19,30.24
94520238,2.72,3.40
53512942,25.35,31.69
53569249,59.57,74.46
68154904,62.89,78.62
51994034,1.55,1.94
81448178,52.72,65.89
81054502,36.10,45.13
33477637,42.62,53.28
19805185,21.29,26.62
30628931,47.10,58.87
84998474,38.02,47.53
30620023,78.24,97.81
76910099,16.67,20.83
49441526,51.35,64.19
67054806,29.16,36.45
33082570,50.48,63.10
72839939,59.03,73.78
95922105,60.74,75.93
84393430,76.42,95.52
48517629,19.89,24.86
10648999,40.21,50.26
72070717,74.30,92.87
85179069,36.44,45.54
85252767,50.55,63.19
22741703,60.25,75.32
93236068,33.79,42.24
70710549,50.60,63.25
15286620,71.66,89.57
99245208,46.72,58.40
14653762,48.91,61.14
14776567,49.47,61.84
45716815,69.70,87.13
79995082,63.79,79.73
74037847,44.43,55.54
85812145,36.46,45.58
57555911,71.88,89.85
60267061,55.02,68.77
45395943,48.36,60.44
90276583,57.78,72.23
92599926,54.95,68.68
85562407,43.93,54.92
11251195,61.68,77.10
62859904,14.84,18.55
40187931,22.70,28.37
31761297,16.19,20.24
40384165,38.67,48.33
98682209,37.62,47.03
92148184,64.45,80.56
79628790,56.52,70.65
18682245,66.37,82.96
23517364,16.13,20.17
96514884,14.66,18.32
44348289,47.78,59.72
54947313,78.77,98.47
28001267,42.17,52.72
64048582,42.44,53.05
64196927,65.59,81.99
33943917,40.07,50.09
28228993,5.88,7.35
15114362,45.82,57.28
78048117,38.74,48.42
34066892,61.85,77.31
71715085,70.92,88.65
35405479,36.09,45.11
97828835,52.09,65.11
97562024,25.75,32.18
25937420,19.86,24.83
38198077,27.38,34.23
81846152,73.32,91.65
84404700,4.07,5.09
80756703,53.59,66.99
12334765,18.55,23.18
10307220,32.68,40.85
93239564,31.45,39.32
17211894,29.17,36.46
16720513,73.24,91.55
87872046,4.92,6.16
29524371,73.68,92.10
55952876,37.40,46.75
56838018,42.18,52.73
78198932,52.47,65.59
52703849,41.38,51.73
40381502,59.96,74.95
82646259,56.31,70.39
60238489,8.54,10.67
12285582,7.31,9.14
39291015,25.60,32.00
25133932,14.78,18.47
84002267,59.77,74.71
74367326,19.19,23.99
25826611,42.64,53.30
65369707,60.89,76.11
22530686,79.35,99.18
76997748,15.45,19.32
54117287,26.51,33.13
74244410,25.49,31.86
94910292,79.42,99.27
61250791,36.80,46.00
15326205,66.35,82.94
13154490,18.46,23.07
93191964,9.94,12.43
38248861,59.37,74.22
71884022,40.54,50.67
83210736,59.42,74.28
31632106,73.02,91.28
89055872,44.02,55.02
88628203,48.45,60.57
81622027,39.87,49.84
88622442,39.35,49.19
71675966,26.37,32.96
16585626,78.63,98.28
73672638,62.40,78.00
64398659,29.63,37.04
95647013,75.77,94.72
25117442,16.26,20.33
12917959,53.30,66.63
49155680,25.88,32.34
31357237,26.61,33.27
84876185,44.84,56.05
81224666,44.49,55.61
36598100,29.03,36.29
53396109,63.55,79.43
72750725,79.53,99.41
68753040,51.51,64.39
90475207,5.75,7.18
53701886,70.51,88.14
20429259,58.50,73.12
52116265,70.88,88.61
31154426,29.98,37.48
59894975,60.27,75.34
85707272,46.84,58.55
56421579,73.35,91.69
18545608,52.43,65.54
49169208,72.41,90.51
45945117,52.10,65.13
24895413,4.15,5.18
98264917,18.21,22.76
88320425,76.85,96.07
29586857,15.39,19.24
55764749,30.75,38.44
42017942,58.33,72.91
29188764,49.41,61.76
30022029,56.60,70.75
61596605,36.25,45.32
45291392,35.11,43.89
23592995,23.84,29.80
72530293,75.72,94.66
99840199,44.44,55.55
67912786,42.08,52.60
13294348,47.11,58.89
22401782,30.34,37.92
90366047,31.51,39.39
11212113,55.58,69.48
48103710,35.65,44.57
16702815,12.78,15.98
87036150,48.21,60.27
50472321,22.55,28.19
76035196,13.17,16.46
79644393,21.57,26.97
14354805,61.01,76.26
38658236,42.18,52.73
13517161,5.47,6.84
99198513,26.25,32.81
43152386,63.09,78.86
56110910,6.60,8.25
38210804,66.20,82.75
80139317,29.93,37.42
98532412,4.45,5.56
89881491,79.24,99.06
60113209,73.04,91.30
72542441,72.05,90.07
37391299,13.60,17.00
75478080,46.71,58.39
89370522,44.58,55.73
87252521,23.00,28.75
12734887,67.18,83.98
60721887,24.80,30.99
45336641,46.41,58.01
86358389,52.06,65.07
89786650,3.42,4.27
44160256,32.80,41.00
99659955,50.84,63.55
72067193,9.84,12.30
66563284,43.33,54.16
47087812,40.25,50.31
92577916,38.49,48.11
80506761,38.62,48.27
88990460,19.08,23.85
44126627,29.62,37.03
54920578,60.69,75.86
66805301,61.76,77.20
84308695,58.16,72.70
35754521,25.58,31.98
18535075,36.49,45.61
46328986,71.77,89.71
42307890,59.72,74.65
95342573,18.42,23.02
49907962,33.84,42.30
79574704,64.27,80.34
86133704,28.64,35.80
18169447,23.05,28.81
43181660,53.26,66.58
29063280,62.03,77.54
70846899,22.19,27.74
43275666,6.94,8.67
55391725,20.99,26.24
94199719,7.81,9.77
37506057,36.12,45.15
15171273,2.69,3.36
37349785,3.62,4.52
97780897,56.79,70.99
31676054,5.73,7.16
17693318,62.83,78.54
76310142,13.20,16.50
98819737,0.02,0.03
78645858,34.77,43.46
26208610,22.34,27.93
74436797,51.06,63.82
28068685,11.74,14.67
27861537,11.18,13.98
11887724,52.12,65.15
67473883,32.05,40.06
27873638,16.22,20.28
57374761,48.23,60.28
40232877,45.77,57.21
76571998,19.59,24.49
21985158,4.80,6.00
67318760,74.53,93.16
46385648,76.21,95.26
25464558,31.59,39.48
14109510,19.13,23.91
31181661,18.66,23.32
